x,y,z,tauw
0.0,1.0000000000000002,2.2499999999999996,0.003679060075110238
0.014999999999999998,1.0000000000000002,2.2499999999999996,0.0037502770210196554
0.030437159238633566,1.0000000000000002,2.2499999999999996,0.003832745674688883
0.04632425860829516,1.0000000000000002,2.2499999999999996,0.003929061070180236
0.06267445504926258,1.0000000000000002,2.2499999999999996,0.00404956246287248
0.07950129275464748,1.0000000000000002,2.2499999999999996,0.0042110135156943245
0.09681868393652318,0.9999951019752868,2.2499999999999996,0.004379741093063449
0.11463963618049725,0.9997711064334218,2.2499999999999996,0.004398035202482562
0.13297508907731156,0.9993754050519714,2.2499999999999996,0.004283663149280876
0.15182845492186675,0.998431065102068,2.2499999999999996,0.0038072527028810955
0.1712029150188826,0.9970465237115598,2.2499999999999996,0.003195407632121328
0.19111749199474734,0.9952628051067768,2.2499999999999996,0.002487742174558274
0.21150824993244144,0.9925103430778817,2.2499999999999996,0.0015094295446437807
0.23241017688207377,0.9891540220890721,2.2499999999999996,0.0006210061498622633
0.25378516178287314,0.984890729048627,2.2499999999999996,0.00015364833701910603
0.27549566950829507,0.9792724081875258,2.2499999999999996,0.0007309515468588577
0.2975942950147066,0.97264145704428,2.2499999999999996,0.0009985376931739144
0.32001723757927303,0.9647809052346308,2.2499999999999996,0.001096134153615112
0.3424559447234536,0.9550684761634783,2.2499999999999996,0.0010767607834224575
0.3651332725138776,0.9441826686490209,2.2499999999999996,0.0010203266133345249
0.38804157029796554,0.9320989534972266,2.2499999999999996,0.0009495252970544299
0.41097397523270907,0.918502034315871,2.2499999999999996,0.0008354304303661648
0.434106938854896,0.9037558875312544,2.2499999999999996,0.0007196688984536286
0.45752371096626787,0.8879774375218444,2.2499999999999996,0.0006260340105747816
0.48121523465305677,0.8711384196906405,2.2499999999999996,0.000552206848417508
0.5051011226825882,0.8531277361376322,2.2499999999999996,0.00048650570637261164
0.5293939496326395,0.8342126961457901,2.2499999999999996,0.0004354030586491792
0.5541245601070195,0.8143981371798572,2.2499999999999996,0.00039579171172771457
0.5793263872043182,0.7936918543238531,2.2499999999999996,0.00036246041304026605
0.6050049957536661,0.7720669690645606,2.2499999999999996,0.0003310390938087683
0.6313129788574537,0.7496658461354812,2.2499999999999996,0.00030325918133887957
0.6583155813675994,0.7265209883455446,2.2499999999999996,0.0002784368050662157
0.6860909247990811,0.7026783047490214,2.2499999999999996,0.00025575152128413004
0.7147320861403186,0.6781992877639096,2.2499999999999996,0.00023580647039558663
0.7443775310843751,0.6531986557232513,2.2499999999999996,0.00022085258932529292
0.7750559024805371,0.62766264995924,2.2499999999999996,0.00021065137139510565
0.8067918197823403,0.6015708070312681,2.2499999999999996,0.00020478156983736633
0.8396114371283423,0.574902712832267,2.2499999999999996,0.00020331153978278416
0.8735409339917841,0.5476362396917444,2.2499999999999996,0.00020651027136795537
0.908604922315378,0.5197453790513425,2.2499999999999996,0.00021478998078134
0.94482585376606,0.4911993471039332,2.2499999999999996,0.0002285790920858961
0.9822223585302574,0.46196026628942977,2.2499999999999996,0.00024816254909326507
1.0208094885454824,0.4319833133715175,2.2499999999999996,0.0002733550237795706
1.060599369957447,0.4012174375092266,2.2499999999999996,0.0003026787516151163
1.1016178243453747,0.3696269355504852,2.2499999999999996,0.00033304838552620234
1.14395657586811,0.33725991742280087,2.2499999999999996,0.0003613078930135055
1.1877752003044253,0.30425383542046985,2.2499999999999996,0.00038599357253527684
1.2332868490628834,0.27082404486562467,2.2499999999999996,0.0004067283107565677
1.2806798590150805,0.23716623359304842,2.2499999999999996,0.0004213122991353684
1.3301872198346996,0.20355917667411583,2.2499999999999996,0.00042501616548344196
1.3820668443470072,0.17035400943644688,2.2499999999999996,0.0004150382806147211
1.4368382615374413,0.13841281835301739,2.2499999999999996,0.0004035608593860632
1.494620510220174,0.10806347347322276,2.2499999999999996,0.00038526041312718026
1.555654490265139,0.07998053236465227,2.2499999999999996,0.00035989128151732723
1.6201347387383973,0.05495925948822993,2.2499999999999996,0.0003315169945532274
1.6880434727514655,0.033587155041502795,2.2499999999999996,0.000295263739405801
1.7593567512728894,0.016648242909902786,2.2499999999999996,0.000255402998861453
1.8339734994220689,0.005465512727178538,2.2499999999999996,0.00023974342200754983
1.9114724872104412,0.0003933929285477902,2.2499999999999996,0.0002885808993337374
1.9914700000000005,0.0,2.2499999999999996,0.0004339713857433203
2.071469999999999,0.0,2.2499999999999996,0.000589337003638659
2.149144511424435,0.0,2.2499999999999996,0.0007183650693370878
2.224750648128975,0.0,2.2499999999999996,0.0008267451490743146
2.2985234839245594,0.0,2.2499999999999996,0.0009184466665505844
2.370679254070389,0.0,2.2499999999999996,0.0009980811705244562
2.4414181205298524,0.0,2.2499999999999996,0.0010679135138364462
2.5109265800529426,0.0,2.2499999999999996,0.0011302839987734792
2.57937957989718,0.0,2.2499999999999996,0.0011862618306040683
2.6469423948318043,0.0,2.2499999999999996,0.0012368904580726558
2.713772310312464,0.0,2.2499999999999996,0.001282837118133854
2.7800201498589674,0.0,2.2499999999999996,0.0013246357759464553
2.845831679336793,0.0,2.2499999999999996,0.0013627355945624617
2.9113489167489273,0.0,2.2499999999999996,0.001397492629855858
2.9767113730766352,0.0,2.2499999999999996,0.0014291878435024681
3.042057247511242,0.0,2.2499999999999996,0.0014580405750183334
3.1075245989868208,0.0,2.2499999999999996,0.001484227407525453
3.1732525151856867,0.0,2.2499999999999996,0.0015078989586132514
3.239382300110317,0.0,2.2499999999999996,0.0015291548321951347
3.3060587018924883,0.0,2.2499999999999996,0.0015481372877424024
3.3734312037708816,0.0,2.2499999999999996,0.0015648232553060887
3.441655403172802,0.0,2.2499999999999996,0.0015792670814089183
3.5108945066818467,0.0,2.2499999999999996,0.0015913801912086918
3.58132097250391,0.0,2.2499999999999996,0.0016013886638629317
3.6531183370552425,0.0,2.2499999999999996,0.0016088187312841681
3.7264832687539666,0.0,2.2499999999999996,0.00161349737649039
3.8016279003557454,0.0,2.2499999999999996,0.001614746688675631
3.878782501707692,0.0,2.2499999999999996,0.0016133916845428183
3.9581985682317384,0.0,2.2499999999999996,0.001608828853696433
4.040152417632124,0.0,2.2499999999999996,0.0016011037472638287
4.124949409382542,0.0,2.2499999999999996,0.001591901242747435
4.212928930017613,0.0,2.2499999999999996,0.0015800575113552452
4.304470324217479,0.0,2.2499999999999996,0.0015718767279426847
4.400000000000003,0.0,2.2499999999999996,0.001555899050648906
4.500000000000001,0.0,2.2499999999999996,0.001539174472165285
4.600000000000001,0.0,2.2499999999999996,0.0014948306277204225
4.695529675782526,0.0,2.2499999999999996,0.0014677300539995392
4.787071069982387,0.0,2.2499999999999996,0.001440328329113325
4.875050590617457,0.0,2.2499999999999996,0.001415333151488462
4.959847582367873,0.0,2.2499999999999996,0.001387812457148953
5.041801431768266,0.0,2.2499999999999996,0.0013595214360799298
5.121217498292307,0.0,2.2499999999999996,0.0013311392816032777
5.198372099644252,0.0,2.2499999999999996,0.0013020806531889488
5.2735167312460325,0.0,2.2499999999999996,0.0012735180054020477
5.346881662944755,0.0,2.2499999999999996,0.0012444806491188549
5.418679027496089,0.0,2.2499999999999996,0.0012161884673409814
5.489105493318157,0.0,2.2499999999999996,0.0011881361768538148
5.558344596827202,0.0,2.2499999999999996,0.0011603739361812418
5.626568796229121,0.0,2.2499999999999996,0.0011327131993048537
5.693941298107518,0.0,2.2499999999999996,0.0011053294400173012
5.760617699889685,0.0,2.2499999999999996,0.0010781340371858632
5.826747484814316,0.0,2.2499999999999996,0.0010511086027674154
5.892475401013185,0.0,2.2499999999999996,0.0010242112332458128
5.957942752488759,0.0,2.2499999999999996,0.0009974663695169468
6.023288626923364,0.0,2.2499999999999996,0.0009708585068106824
6.088651083251073,0.0,2.2499999999999996,0.0009443905200302295
6.154168320663207,0.0,2.2499999999999996,0.000918075248411586
6.219979850141029,0.0,2.2499999999999996,0.0008919374382754644
6.286227689687541,0.0,2.2499999999999996,0.0008660170130804911
6.3530576051682,0.0,2.2499999999999996,0.000840423162990367
6.420620420102823,0.0,2.2499999999999996,0.0008152567822494594
6.4890734199470606,0.0,2.2499999999999996,0.0007907454137924635
6.558581879470154,0.0,2.2499999999999996,0.000767036659870843
6.629320745929612,0.0,2.2499999999999996,0.0007446767100977108
6.701476516075444,0.0,2.2499999999999996,0.0007237521605863119
6.7752493518710315,0.0,2.2499999999999996,0.0007055947487631008
6.850855488575564,0.0,2.2499999999999996,0.0006902326108790357
6.92853,0.0,2.2499999999999996,0.0006794524472764319
7.008529999999997,0.0,2.2499999999999996,0.0006574143785157919
7.088527512789565,0.00039339292854780245,2.2499999999999996,0.0006002972901650572
7.166026500577937,0.005465512727178963,2.2499999999999996,0.0005591879276031693
7.2406432487271095,0.016648242909903483,2.2499999999999996,0.0005492416054294168
7.31195652724854,0.03358715504150352,2.2499999999999996,0.000558597248986229
7.379865261261605,0.0549592594882317,2.2499999999999996,0.000567805766214516
7.444345509734869,0.07998053236465454,2.2499999999999996,0.0005707434471644686
7.5053794897798305,0.10806347347322551,2.2499999999999996,0.0005694375221529513
7.563161738462565,0.1384128183530204,2.2499999999999996,0.0005572074523992204
7.617933155653,0.17035400943645065,2.2499999999999996,0.000530222235968247
7.669812780165302,0.2035591766741201,2.2499999999999996,0.00048818834931289195
7.719320140984929,0.2371662335930544,2.2499999999999996,0.0004225541995489038
7.766713150937127,0.2708240448656299,2.2499999999999996,0.0003321409282405889
7.812224799695584,0.304253835420475,2.2499999999999996,0.000217592982508809
7.856043424131892,0.337259917422807,2.2499999999999996,7.907149443802961e-05
7.898382175654635,0.36962693555049064,2.2499999999999996,8.063068239216015e-05
7.939400630042566,0.4012174375092336,2.2499999999999996,0.00025599079127410916
7.979190511454526,0.4319833133715234,2.2499999999999996,0.0004411048973337439
8.017777641469756,0.46196026628943787,2.2499999999999996,0.0006331195168524949
8.05517414623395,0.4911993471039402,2.2499999999999996,0.0008319412036309591
8.091395077684632,0.5197453790513494,2.2499999999999996,0.0010381001633333062
8.126459066008223,0.5476362396917513,2.2499999999999996,0.0012529438513885945
8.160388562871667,0.574902712832274,2.2499999999999996,0.0014784103691299502
8.19320818021767,0.6015708070312763,2.2499999999999996,0.0017175632631954193
8.224944097519476,0.627662649959248,2.2499999999999996,0.0019749572689715476
8.25562246891563,0.6531986557232587,2.2499999999999996,0.0022577357939558007
8.285267913859686,0.6781992877639167,2.2499999999999996,0.0025820883537662387
8.31390907520093,0.7026783047490293,2.2499999999999996,0.0029656830325191052
8.34168441863241,0.7265209883455521,2.2499999999999996,0.003387011479141662
8.368687021142554,0.7496658461354891,2.2499999999999996,0.003842221803621703
8.394995004246342,0.7720669690645677,2.2499999999999996,0.004345027964708727
8.420673612795687,0.7936918543238611,2.2499999999999996,0.004899000123251482
8.445875439892989,0.8143981371798643,2.2499999999999996,0.005441323569141468
8.470606050367374,0.8342126961457972,2.2499999999999996,0.006024809474020394
8.494898877317423,0.8531277361376377,2.2499999999999996,0.006700912453740667
8.518784765346952,0.8711384196906481,2.2499999999999996,0.007462797846654063
8.542476289033734,0.88797743752185,2.2499999999999996,0.008069416950994307
8.565893061145108,0.9037558875312606,2.2499999999999996,0.008736969641275667
8.589026024767296,0.9185020343158761,2.2499999999999996,0.009588106592189555
8.61195842970204,0.9320989534972315,2.2499999999999996,0.01038779896931012
8.634866727486129,0.9441826686490271,2.2499999999999996,0.010689754095063422
8.657544055276551,0.9550684761634824,2.2499999999999996,0.011215590224818892
8.67998276242073,0.9647809052346334,2.2499999999999996,0.011755527737595797
8.702405704985303,0.9726414570442825,2.2499999999999996,0.01105519385244827
8.724504330491717,0.9792724081875261,2.2499999999999996,0.010477748054706724
8.746214838217135,0.9848907290486273,2.2499999999999996,0.010132852505113603
8.767589823117934,0.9891540220890725,2.2499999999999996,0.009118059134093406
8.788491750067568,0.9925103430778819,2.2499999999999996,0.008224783986027686
8.808882508005262,0.9952628051067769,2.2499999999999996,0.007646229376154441
8.828797084981119,0.9970465237115598,2.2499999999999996,0.006678022958271712
8.848171545078136,0.998431065102068,2.2499999999999996,0.006019088958960525
8.867024910922689,0.9993754050519714,2.2499999999999996,0.0054459390778323616
8.885360363819508,0.9997711064334218,2.2499999999999996,0.004717372574245882
8.903181316063485,0.9999951019752868,2.2499999999999996,0.004204143698581771
8.920498707245356,1.0000000000000002,2.2499999999999996,0.0038116445556594177
8.937325544950742,1.0000000000000002,2.2499999999999996,0.0036224620490823123
8.953675741391704,1.0000000000000002,2.2499999999999996,0.0035670991760005113
8.969562840761364,1.0000000000000002,2.2499999999999996,0.0035759571018271676
8.985000000000001,1.0000000000000002,2.2499999999999996,0.0036165321709414524
9.000000000000002,1.0000000000000002,2.2499999999999996,0.003679060075110238
