y	y+	Umean	dUmean/dy	Wmean	Pmean	
0.00000000E+00	0.00000000E+00	0.00000000E+00	5.18589700E+03	0.00000000E+00	0.00000000E+00	
1.37107135E-05	7.11023502E-02	7.11018557E-02	5.18582383E+03	-1.12089205E-05	-4.71727155E-09	
4.16995393E-05	2.16249522E-01	2.16244401E-01	5.18562171E+03	-3.40912084E-05	-3.85104547E-07	
8.45338195E-05	4.38383693E-01	4.38354631E-01	5.18495610E+03	-6.91104941E-05	-6.05574272E-06	
1.42780837E-04	7.40446735E-01	7.40306318E-01	5.18267444E+03	-1.16722812E-04	-4.47727129E-05	
2.17007814E-04	1.12538020E+00	1.12478060E+00	5.17584992E+03	-1.77354521E-04	-2.11784542E-04	
3.07781908E-04	1.59612532E+00	1.59391218E+00	5.15844057E+03	-2.51347221E-04	-7.41762465E-04	
4.15670213E-04	2.15562297E+00	2.14856864E+00	5.12000312E+03	-3.38846883E-04	-2.08800098E-03	
5.27529039E-04	2.73571134E+00	2.71791887E+00	5.05530528E+03	-4.28694041E-04	-4.57957561E-03	
6.43357942E-04	3.33638812E+00	3.29819292E+00	4.95921486E+03	-5.20315464E-04	-8.56474529E-03	
7.63156462E-04	3.95765092E+00	3.88481006E+00	4.82918149E+03	-6.13022851E-04	-1.43432041E-02	
8.86924123E-04	4.59949728E+00	4.47266147E+00	4.66554081E+03	-7.06058192E-04	-2.21551432E-02	
1.01466043E-03	5.26192465E+00	5.05645191E+00	4.47128908E+03	-7.98644907E-04	-3.21794136E-02	
1.14636489E-03	5.94493039E+00	5.63104072E+00	4.25148531E+03	-8.90035909E-04	-4.45367707E-02	
1.28203696E-03	6.64851180E+00	6.19173475E+00	4.01247613E+03	-9.79553456E-04	-5.92951431E-02	
1.42167611E-03	7.37266608E+00	6.73450433E+00	3.76111533E+03	-1.06661644E-03	-7.64749991E-02	
1.56528179E-03	8.11739035E+00	7.25611192E+00	3.50409686E+03	-1.15075655E-03	-9.60539326E-02	
1.71285342E-03	8.88268166E+00	7.75415805E+00	3.24746261E+03	-1.23162454E-03	-1.17970371E-01	
1.86439042E-03	9.66853695E+00	8.22705859E+00	2.99629885E+03	-1.30898243E-03	-1.42126764E-01	
2.01989219E-03	1.04749531E+01	8.67397236E+00	2.75460235E+03	-1.38269238E-03	-1.68392757E-01	
2.17935810E-03	1.13019270E+01	9.09469787E+00	2.52528014E+03	-1.45270025E-03	-1.96608770E-01	
2.34278754E-03	1.21494552E+01	9.48955644E+00	2.31024070E+03	-1.51901394E-03	-2.26590218E-01	
2.51017983E-03	1.30175344E+01	9.85927463E+00	2.11053799E+03	-1.58169011E-03	-2.58132379E-01	
2.68153433E-03	1.39061613E+01	1.02048751E+01	1.92653646E+03	-1.64081703E-03	-2.91015749E-01	
2.85685036E-03	1.48153321E+01	1.05275813E+01	1.75807444E+03	-1.69650519E-03	-3.25011595E-01	
3.03612720E-03	1.57450434E+01	1.08287378E+01	1.60461197E+03	-1.74888354E-03	-3.59887429E-01	
3.21936416E-03	1.66952914E+01	1.11097477E+01	1.46535604E+03	-1.79809156E-03	-3.95412112E-01	
3.40656050E-03	1.76660724E+01	1.13720235E+01	1.33936099E+03	-1.84427793E-03	-4.31360399E-01	
3.59771549E-03	1.86573825E+01	1.16169524E+01	1.22560564E+03	-1.88759618E-03	-4.67516771E-01	
3.79282835E-03	1.96692177E+01	1.18458713E+01	1.12304969E+03	-1.92820325E-03	-5.03678485E-01	
3.99189833E-03	2.07015741E+01	1.20600510E+01	1.03067330E+03	-1.96625973E-03	-5.39657865E-01	
4.19492461E-03	2.17544476E+01	1.22606867E+01	9.47503102E+02	-2.00192860E-03	-5.75283844E-01	
4.40190641E-03	2.28278339E+01	1.24488934E+01	8.72627997E+02	-2.03537402E-03	-6.10402852E-01	
4.61284290E-03	2.39217288E+01	1.26257055E+01	8.05207327E+02	-2.06675570E-03	-6.44879162E-01	
4.82773323E-03	2.50361280E+01	1.27920779E+01	7.44473637E+02	-2.09622329E-03	-6.78594790E-01	
5.04657656E-03	2.61710270E+01	1.29488897E+01	6.89731799E+02	-2.12391536E-03	-7.11449039E-01	
5.26937202E-03	2.73264213E+01	1.30969480E+01	6.40355798E+02	-2.14996508E-03	-7.43357732E-01	
5.49611872E-03	2.85023064E+01	1.32369928E+01	5.95784140E+02	-2.17450929E-03	-7.74252209E-01	
5.72681576E-03	2.96986775E+01	1.33697019E+01	5.55514486E+02	-2.19769124E-03	-8.04078166E-01	
5.96146222E-03	3.09155299E+01	1.34956957E+01	5.19098072E+02	-2.21964955E-03	-8.32794438E-01	
6.20005718E-03	3.21528589E+01	1.36155416E+01	4.86134231E+02	-2.24050244E-03	-8.60371794E-01	
6.44259968E-03	3.34106593E+01	1.37297586E+01	4.56265236E+02	-2.26034202E-03	-8.86791780E-01	
6.68908877E-03	3.46889264E+01	1.38388210E+01	4.29171625E+02	-2.27923545E-03	-9.12045561E-01	
6.93952345E-03	3.59876549E+01	1.39431623E+01	4.04567938E+02	-2.29722294E-03	-9.36132688E-01	
7.19390275E-03	3.73068397E+01	1.40431787E+01	3.82198844E+02	-2.31431168E-03	-9.59059918E-01	
7.45222564E-03	3.86464757E+01	1.41392317E+01	3.61835828E+02	-2.33047086E-03	-9.80840247E-01	
7.71449110E-03	4.00065574E+01	1.42316514E+01	3.43274253E+02	-2.34564913E-03	-1.00149211E+00	
7.98069809E-03	4.13870794E+01	1.43207386E+01	3.26330688E+02	-2.35981313E-03	-1.02103864E+00	
8.25084555E-03	4.27880364E+01	1.44067676E+01	3.10840723E+02	-2.37297180E-03	-1.03950687E+00	
8.52493241E-03	4.42094227E+01	1.44899883E+01	2.96657175E+02	-2.38518805E-03	-1.05692711E+00	
8.80295758E-03	4.56512326E+01	1.45706280E+01	2.83648281E+02	-2.39657252E-03	-1.07333219E+00	
9.08491996E-03	4.71134605E+01	1.46488936E+01	2.71695910E+02	-2.40724267E-03	-1.08875694E+00	
9.37081842E-03	4.85961005E+01	1.47249733E+01	2.60694047E+02	-2.41728396E-03	-1.10323771E+00	
9.66065183E-03	5.00991468E+01	1.47990378E+01	2.50547650E+02	-2.42674685E-03	-1.11681205E+00	
9.95441904E-03	5.16225933E+01	1.48712424E+01	2.41171561E+02	-2.43566066E-03	-1.12951842E+00	
1.02521189E-02	5.31664341E+01	1.49417276E+01	2.32489479E+02	-2.44402344E-03	-1.14139586E+00	
1.05537502E-02	5.47306629E+01	1.50106211E+01	2.24433087E+02	-2.45178168E-03	-1.15248366E+00	
1.08593117E-02	5.63152737E+01	1.50780385E+01	2.16941202E+02	-2.45884947E-03	-1.16282108E+00	
1.11688023E-02	5.79202600E+01	1.51440845E+01	2.09959086E+02	-2.46514632E-03	-1.17244701E+00	
1.14822207E-02	5.95456155E+01	1.52088541E+01	2.03437875E+02	-2.47061715E-03	-1.18139968E+00	
1.17995656E-02	6.11913338E+01	1.52724330E+01	1.97333908E+02	-2.47525820E-03	-1.18971646E+00	
1.21208359E-02	6.28574083E+01	1.53348993E+01	1.91608154E+02	-2.47914435E-03	-1.19743366E+00	
1.24460302E-02	6.45438324E+01	1.53963234E+01	1.86225845E+02	-2.48240435E-03	-1.20458648E+00	
1.27751472E-02	6.62505994E+01	1.54567693E+01	1.81155956E+02	-2.48514944E-03	-1.21120881E+00	
1.31081856E-02	6.79777025E+01	1.55162953E+01	1.76370590E+02	-2.48743060E-03	-1.21733309E+00	
1.34451442E-02	6.97251349E+01	1.55749539E+01	1.71844545E+02	-2.48926763E-03	-1.22299025E+00	
1.37860215E-02	7.14928895E+01	1.56327929E+01	1.67555175E+02	-2.49070706E-03	-1.22820978E+00	
1.41308162E-02	7.32809595E+01	1.56898556E+01	1.63482295E+02	-2.49183754E-03	-1.23301997E+00	
1.44795270E-02	7.50893377E+01	1.57461814E+01	1.59607970E+02	-2.49275282E-03	-1.23744792E+00	
1.48321524E-02	7.69180169E+01	1.58018059E+01	1.55916267E+02	-2.49352149E-03	-1.24151934E+00	
1.51886911E-02	7.87669898E+01	1.58567621E+01	1.52392853E+02	-2.49421901E-03	-1.24525845E+00	
1.55491416E-02	8.06362492E+01	1.59110795E+01	1.49024771E+02	-2.49497545E-03	-1.24868807E+00	
1.59135025E-02	8.25257875E+01	1.59647857E+01	1.45800368E+02	-2.49599309E-03	-1.25182975E+00	
1.62817724E-02	8.44355973E+01	1.60179054E+01	1.42709079E+02	-2.49748871E-03	-1.25470396E+00	
1.66539498E-02	8.63656709E+01	1.60704616E+01	1.39741281E+02	-2.49957360E-03	-1.25733006E+00	
1.70300332E-02	8.83160008E+01	1.61224751E+01	1.36888293E+02	-2.50221465E-03	-1.25972605E+00	
1.74100212E-02	9.02865792E+01	1.61739651E+01	1.34142302E+02	-2.50529366E-03	-1.26190863E+00	
1.77939121E-02	9.22773982E+01	1.62249493E+01	1.31496282E+02	-2.50869093E-03	-1.26389348E+00	
1.81817046E-02	9.42884499E+01	1.62754439E+01	1.28943939E+02	-2.51231623E-03	-1.26569537E+00	
1.85733970E-02	9.63197264E+01	1.63254640E+01	1.26479525E+02	-2.51612318E-03	-1.26732808E+00	
1.89689878E-02	9.83712196E+01	1.63750236E+01	1.24097787E+02	-2.52015158E-03	-1.26880457E+00	
1.93684754E-02	1.00442921E+02	1.64241357E+01	1.21794020E+02	-2.52450702E-03	-1.27013709E+00	
1.97718582E-02	1.02534823E+02	1.64728124E+01	1.19563979E+02	-2.52928605E-03	-1.27133692E+00	
2.01791347E-02	1.04646917E+02	1.65210651E+01	1.17403706E+02	-2.53453879E-03	-1.27241419E+00	
2.05903032E-02	1.06779195E+02	1.65689044E+01	1.15309369E+02	-2.54027686E-03	-1.27337823E+00	
2.10053621E-02	1.08931648E+02	1.66163401E+01	1.13277341E+02	-2.54647545E-03	-1.27423778E+00	
2.14243098E-02	1.11104267E+02	1.66633814E+01	1.11304273E+02	-2.55307855E-03	-1.27500100E+00	
2.18471445E-02	1.13297044E+02	1.67100369E+01	1.09387157E+02	-2.55998526E-03	-1.27567531E+00	
2.22738646E-02	1.15509971E+02	1.67563145E+01	1.07523469E+02	-2.56709175E-03	-1.27626735E+00	
2.27044683E-02	1.17743038E+02	1.68022219E+01	1.05710880E+02	-2.57439578E-03	-1.27678294E+00	
2.31389541E-02	1.19996236E+02	1.68477663E+01	1.03947070E+02	-2.58194905E-03	-1.27722746E+00	
2.35773202E-02	1.22269557E+02	1.68929546E+01	1.02229966E+02	-2.58977857E-03	-1.27760626E+00	
2.40195647E-02	1.24562992E+02	1.69377933E+01	1.00557639E+02	-2.59794680E-03	-1.27792474E+00	
2.44656860E-02	1.26876531E+02	1.69822886E+01	9.89280779E+01	-2.60655420E-03	-1.27818814E+00	
2.49156823E-02	1.29210166E+02	1.70264464E+01	9.73394192E+01	-2.61563580E-03	-1.27840132E+00	
2.53695518E-02	1.31563887E+02	1.70702722E+01	9.57899785E+01	-2.62511842E-03	-1.27856876E+00	
2.58272928E-02	1.33937684E+02	1.71137713E+01	9.42781049E+01	-2.63486713E-03	-1.27869458E+00	
2.62889032E-02	1.36331548E+02	1.71569486E+01	9.28022498E+01	-2.64475580E-03	-1.27878254E+00	
2.67543815E-02	1.38745471E+02	1.71998088E+01	9.13609353E+01	-2.65468335E-03	-1.27883590E+00	
2.72237256E-02	1.41179441E+02	1.72423564E+01	8.99528299E+01	-2.66458128E-03	-1.27885732E+00	
2.76969338E-02	1.43633450E+02	1.72845955E+01	8.85768798E+01	-2.67440992E-03	-1.27884880E+00	
2.81740041E-02	1.46107488E+02	1.73265305E+01	8.72321536E+01	-2.68412431E-03	-1.27881206E+00	
2.86549347E-02	1.48601544E+02	1.73681654E+01	8.59177608E+01	-2.69369206E-03	-1.27874883E+00	
2.91397237E-02	1.51115610E+02	1.74095044E+01	8.46327587E+01	-2.70313455E-03	-1.27866085E+00	
2.96283690E-02	1.53649674E+02	1.74505512E+01	8.33760355E+01	-2.71247131E-03	-1.27854976E+00	
3.01208689E-02	1.56203728E+02	1.74913096E+01	8.21466383E+01	-2.72164448E-03	-1.27841713E+00	
3.06172213E-02	1.58777760E+02	1.75317833E+01	8.09438324E+01	-2.73049528E-03	-1.27826454E+00	
3.11174242E-02	1.61371761E+02	1.75719759E+01	7.97668182E+01	-2.73881085E-03	-1.27809372E+00	
3.16214757E-02	1.63985721E+02	1.76118907E+01	7.86148033E+01	-2.74648619E-03	-1.27790659E+00	
3.21293738E-02	1.66619628E+02	1.76515312E+01	7.74870066E+01	-2.75357270E-03	-1.27770502E+00	
3.26411164E-02	1.69273472E+02	1.76909007E+01	7.63826652E+01	-2.76014374E-03	-1.27749032E+00	
3.31567015E-02	1.71947244E+02	1.77300024E+01	7.53010580E+01	-2.76623135E-03	-1.27726328E+00	
3.36761271E-02	1.74640932E+02	1.77688392E+01	7.42415030E+01	-2.77187465E-03	-1.27702437E+00	
3.41993911E-02	1.77354525E+02	1.78074143E+01	7.32034165E+01	-2.77714289E-03	-1.27677400E+00	
3.47264915E-02	1.80088013E+02	1.78457305E+01	7.21861873E+01	-2.78212380E-03	-1.27651264E+00	
3.52574260E-02	1.82841385E+02	1.78837908E+01	7.11892174E+01	-2.78684369E-03	-1.27624078E+00	
3.57921927E-02	1.85614630E+02	1.79215979E+01	7.02120799E+01	-2.79122679E-03	-1.27595903E+00	
3.63307894E-02	1.88407737E+02	1.79591549E+01	6.92543814E+01	-2.79517758E-03	-1.27566817E+00	
3.68732140E-02	1.91220695E+02	1.79964644E+01	6.83154765E+01	-2.79869040E-03	-1.27536910E+00	
3.74194642E-02	1.94053493E+02	1.80335291E+01	6.73946847E+01	-2.80189163E-03	-1.27506265E+00	
3.79695380E-02	1.96906119E+02	1.80703517E+01	6.64915370E+01	-2.80491937E-03	-1.27474930E+00	
3.85234331E-02	1.99778562E+02	1.81069346E+01	6.56056069E+01	-2.80775183E-03	-1.27442910E+00	
3.90811474E-02	2.02670811E+02	1.81432804E+01	6.47365856E+01	-2.81021298E-03	-1.27410207E+00	
3.96426787E-02	2.05582854E+02	1.81793916E+01	6.38841613E+01	-2.81210309E-03	-1.27376839E+00	
4.02080246E-02	2.08514680E+02	1.82152709E+01	6.30478419E+01	-2.81323732E-03	-1.27342845E+00	
4.07771830E-02	2.11466277E+02	1.82509205E+01	6.22271357E+01	-2.81344593E-03	-1.27308283E+00	
4.13501516E-02	2.14437633E+02	1.82863430E+01	6.14216857E+01	-2.81255545E-03	-1.27273193E+00	
4.19269281E-02	2.17428737E+02	1.83215407E+01	6.06311538E+01	-2.81037994E-03	-1.27237562E+00	
4.25075102E-02	2.20439576E+02	1.83565158E+01	5.98552019E+01	-2.80681605E-03	-1.27201327E+00	
4.30918957E-02	2.23470139E+02	1.83912708E+01	5.90935221E+01	-2.80183859E-03	-1.27164400E+00	
4.36800822E-02	2.26520414E+02	1.84258080E+01	5.83457430E+01	-2.79539892E-03	-1.27126691E+00	
4.42720673E-02	2.29590388E+02	1.84601296E+01	5.76115309E+01	-2.78745145E-03	-1.27088145E+00	
4.48678488E-02	2.32680049E+02	1.84942379E+01	5.68906113E+01	-2.77799973E-03	-1.27048772E+00	
4.54674242E-02	2.35789385E+02	1.85281350E+01	5.61827678E+01	-2.76710875E-03	-1.27008655E+00	
4.60707912E-02	2.38918385E+02	1.85618233E+01	5.54878456E+01	-2.75483255E-03	-1.26967937E+00	
4.66779473E-02	2.42067034E+02	1.85953052E+01	5.48056633E+01	-2.74112033E-03	-1.26926754E+00	
4.72888902E-02	2.45235321E+02	1.86285829E+01	5.41358988E+01	-2.72584053E-03	-1.26885171E+00	
4.79036175E-02	2.48423233E+02	1.86616587E+01	5.34781726E+01	-2.70883025E-03	-1.26843175E+00	
4.85221266E-02	2.51630758E+02	1.86945349E+01	5.28321628E+01	-2.68998271E-03	-1.26800701E+00	
4.91444152E-02	2.54857882E+02	1.87272135E+01	5.21974219E+01	-2.66928430E-03	-1.26757665E+00	
4.97704807E-02	2.58104594E+02	1.87596964E+01	5.15735651E+01	-2.64681481E-03	-1.26714014E+00	
5.04003207E-02	2.61370879E+02	1.87919857E+01	5.09604808E+01	-2.62282092E-03	-1.26669785E+00	
5.10339327E-02	2.64656726E+02	1.88240832E+01	5.03580345E+01	-2.59770406E-03	-1.26625098E+00	
5.16713141E-02	2.67962121E+02	1.88559911E+01	4.97658676E+01	-2.57178963E-03	-1.26580084E+00	
5.23124625E-02	2.71287050E+02	1.88877110E+01	4.91835748E+01	-2.54524880E-03	-1.26534829E+00	
5.29573752E-02	2.74631501E+02	1.89192448E+01	4.86109196E+01	-2.51821236E-03	-1.26489356E+00	
5.36060498E-02	2.77995461E+02	1.89505941E+01	4.80477204E+01	-2.49090329E-03	-1.26443606E+00	
5.42584836E-02	2.81378915E+02	1.89817607E+01	4.74936768E+01	-2.46363731E-03	-1.26397466E+00	
5.49146740E-02	2.84781851E+02	1.90127460E+01	4.69484633E+01	-2.43668858E-03	-1.26350851E+00	
5.55746185E-02	2.88204256E+02	1.90435517E+01	4.64119161E+01	-2.41019908E-03	-1.26303770E+00	
5.62383144E-02	2.91646114E+02	1.90741793E+01	4.58839422E+01	-2.38412756E-03	-1.26256302E+00	
5.69057591E-02	2.95107414E+02	1.91046303E+01	4.53645288E+01	-2.35833069E-03	-1.26208517E+00	
5.75769499E-02	2.98588140E+02	1.91349065E+01	4.48537270E+01	-2.33267343E-03	-1.26160445E+00	
5.82518842E-02	3.02088280E+02	1.91650097E+01	4.43515477E+01	-2.30704890E-03	-1.26112098E+00	
5.89305593E-02	3.05607819E+02	1.91949419E+01	4.38579390E+01	-2.28143632E-03	-1.26063471E+00	
5.96129724E-02	3.09146744E+02	1.92247049E+01	4.33725176E+01	-2.25597138E-03	-1.26014490E+00	
6.02991210E-02	3.12705040E+02	1.92543004E+01	4.28948887E+01	-2.23085295E-03	-1.25965058E+00	
6.09890022E-02	3.16282692E+02	1.92837301E+01	4.24250883E+01	-2.20616103E-03	-1.25915112E+00	
6.16826133E-02	3.19879688E+02	1.93129958E+01	4.19630882E+01	-2.18176157E-03	-1.25864650E+00	
6.23799516E-02	3.23496013E+02	1.93420992E+01	4.15085532E+01	-2.15743208E-03	-1.25813729E+00	
6.30810142E-02	3.27131652E+02	1.93710420E+01	4.10611850E+01	-2.13300837E-03	-1.25762430E+00	
6.37857985E-02	3.30786590E+02	1.93998255E+01	4.06207306E+01	-2.10830280E-03	-1.25710821E+00	
6.44943016E-02	3.34460815E+02	1.94284513E+01	4.01870258E+01	-2.08308060E-03	-1.25658956E+00	
6.52065206E-02	3.38154309E+02	1.94569206E+01	3.97599804E+01	-2.05716152E-03	-1.25606868E+00	
6.59224528E-02	3.41867060E+02	1.94852350E+01	3.93393614E+01	-2.03052567E-03	-1.25554543E+00	
6.66420954E-02	3.45599052E+02	1.95133957E+01	3.89249761E+01	-2.00330429E-03	-1.25501885E+00	
6.73654454E-02	3.49350271E+02	1.95414039E+01	3.85168735E+01	-1.97564854E-03	-1.25448792E+00	
6.80925000E-02	3.53120701E+02	1.95692613E+01	3.81151203E+01	-1.94766620E-03	-1.25395234E+00	
6.88232562E-02	3.56910328E+02	1.95969691E+01	3.77195742E+01	-1.91943328E-03	-1.25341249E+00	
6.95577113E-02	3.60719137E+02	1.96245289E+01	3.73299377E+01	-1.89093911E-03	-1.25286892E+00	
7.02958623E-02	3.64547112E+02	1.96519418E+01	3.69458868E+01	-1.86209506E-03	-1.25232129E+00	
7.10377062E-02	3.68394238E+02	1.96792090E+01	3.65671564E+01	-1.83283265E-03	-1.25176846E+00	
7.17832400E-02	3.72260500E+02	1.97063313E+01	3.61935633E+01	-1.80302914E-03	-1.25120985E+00	
7.25324610E-02	3.76145882E+02	1.97333099E+01	3.58251451E+01	-1.77248346E-03	-1.25064588E+00	
7.32853660E-02	3.80050370E+02	1.97601457E+01	3.54620351E+01	-1.74101209E-03	-1.25007712E+00	
7.40419520E-02	3.83973948E+02	1.97868399E+01	3.51041880E+01	-1.70849526E-03	-1.24950380E+00	
7.48022162E-02	3.87916599E+02	1.98133939E+01	3.47515738E+01	-1.67489306E-03	-1.24892613E+00	
7.55661553E-02	3.91878309E+02	1.98398089E+01	3.44042772E+01	-1.64025738E-03	-1.24834421E+00	
7.63337665E-02	3.95859062E+02	1.98660863E+01	3.40622950E+01	-1.60467270E-03	-1.24775745E+00	
7.71050467E-02	3.99858841E+02	1.98922276E+01	3.37255021E+01	-1.56820593E-03	-1.24716501E+00	
7.78799927E-02	4.03877632E+02	1.99182340E+01	3.33937122E+01	-1.53089709E-03	-1.24656697E+00	
7.86586016E-02	4.07915417E+02	1.99441070E+01	3.30668188E+01	-1.49266941E-03	-1.24596452E+00	
7.94408701E-02	4.11972182E+02	1.99698478E+01	3.27449108E+01	-1.45340293E-03	-1.24535963E+00	
8.02267954E-02	4.16047909E+02	1.99954579E+01	3.24279414E+01	-1.41312460E-03	-1.24475468E+00	
8.10163741E-02	4.20142583E+02	2.00209386E+01	3.21155425E+01	-1.37193397E-03	-1.24415160E+00	
8.18096031E-02	4.24256188E+02	2.00462910E+01	3.18074675E+01	-1.32999949E-03	-1.24355095E+00	
8.26064794E-02	4.28388706E+02	2.00715162E+01	3.15037621E+01	-1.28764243E-03	-1.24295237E+00	
8.34069997E-02	4.32540122E+02	2.00966154E+01	3.12042907E+01	-1.24518052E-03	-1.24235565E+00	
8.42111609E-02	4.36710419E+02	2.01215895E+01	3.09088280E+01	-1.20288746E-03	-1.24176072E+00	
8.50189598E-02	4.40899581E+02	2.01464396E+01	3.06174932E+01	-1.16104771E-03	-1.24116690E+00	
8.58303931E-02	4.45107591E+02	2.01711667E+01	3.03302664E+01	-1.11987949E-03	-1.24057264E+00	
8.66454577E-02	4.49334432E+02	2.01957721E+01	3.00469362E+01	-1.07939556E-03	-1.23997579E+00	
8.74641502E-02	4.53580087E+02	2.02202566E+01	2.97676241E+01	-1.03934991E-03	-1.23937409E+00	
8.82864675E-02	4.57844540E+02	2.02446215E+01	2.94925563E+01	-9.99493996E-04	-1.23876613E+00	
8.91124063E-02	4.62127774E+02	2.02688684E+01	2.92218499E+01	-9.59744423E-04	-1.23815142E+00	
8.99419633E-02	4.66429771E+02	2.02929987E+01	2.89554654E+01	-9.20054563E-04	-1.23753009E+00	
9.07751353E-02	4.70750515E+02	2.03170139E+01	2.86930604E+01	-8.80421520E-04	-1.23690328E+00	
9.16119188E-02	4.75089988E+02	2.03409152E+01	2.84341984E+01	-8.40817109E-04	-1.23627294E+00	
9.24523105E-02	4.79448173E+02	2.03647034E+01	2.81786197E+01	-8.01064605E-04	-1.23564038E+00	
9.32963073E-02	4.83825054E+02	2.03883792E+01	2.79262357E+01	-7.60931800E-04	-1.23500533E+00	
9.41439056E-02	4.88220611E+02	2.04119436E+01	2.76770606E+01	-7.20424557E-04	-1.23436616E+00	
9.49951021E-02	4.92634829E+02	2.04353972E+01	2.74311683E+01	-6.79877671E-04	-1.23372088E+00	
9.58498934E-02	4.97067689E+02	2.04587411E+01	2.71884576E+01	-6.39591327E-04	-1.23306810E+00	
9.67082762E-02	5.01519174E+02	2.04819761E+01	2.69488692E+01	-5.99600835E-04	-1.23240718E+00	
9.75702470E-02	5.05989266E+02	2.05051031E+01	2.67125112E+01	-5.59757943E-04	-1.23173802E+00	
9.84358025E-02	5.10477947E+02	2.05281230E+01	2.64792900E+01	-5.19970739E-04	-1.23106078E+00	
9.93049391E-02	5.14985200E+02	2.05510368E+01	2.62490050E+01	-4.80265645E-04	-1.23037576E+00	
1.00177653E-01	5.19511007E+02	2.05738451E+01	2.60215741E+01	-4.40748332E-04	-1.22968379E+00	
1.01053942E-01	5.24055349E+02	2.05965489E+01	2.57970172E+01	-4.01516013E-04	-1.22898606E+00	
1.01933801E-01	5.28618209E+02	2.06191488E+01	2.55752378E+01	-3.62563201E-04	-1.22828337E+00	
1.02817228E-01	5.33199569E+02	2.06416456E+01	2.53562620E+01	-3.23792159E-04	-1.22757521E+00	
1.03704218E-01	5.37799410E+02	2.06640403E+01	2.51403173E+01	-2.85181603E-04	-1.22686039E+00	
1.04594769E-01	5.42417713E+02	2.06863340E+01	2.49275057E+01	-2.46672112E-04	-1.22613764E+00	
1.05488876E-01	5.47054462E+02	2.07085278E+01	2.47177849E+01	-2.07985637E-04	-1.22540636E+00	
1.06386537E-01	5.51709637E+02	2.07306229E+01	2.45109302E+01	-1.68761245E-04	-1.22466684E+00	
1.07287747E-01	5.56383220E+02	2.07526201E+01	2.43067591E+01	-1.28698119E-04	-1.22391954E+00	
1.08192503E-01	5.61075191E+02	2.07745204E+01	2.41052264E+01	-8.77156040E-05	-1.22316508E+00	
1.09100801E-01	5.65785534E+02	2.07963245E+01	2.39061022E+01	-4.59347873E-05	-1.22240399E+00	
1.10012639E-01	5.70514228E+02	2.08180330E+01	2.37092019E+01	-3.67864908E-06	-1.22163678E+00	
1.10928011E-01	5.75261256E+02	2.08396464E+01	2.35146083E+01	3.86559399E-05	-1.22086405E+00	
1.11846915E-01	5.80026597E+02	2.08611655E+01	2.33222133E+01	8.08295291E-05	-1.22008585E+00	
1.12769347E-01	5.84810234E+02	2.08825906E+01	2.31318337E+01	1.22553420E-04	-1.21930169E+00	
1.13695303E-01	5.89612148E+02	2.09039223E+01	2.29435866E+01	1.63418970E-04	-1.21851096E+00	
1.14624780E-01	5.94432318E+02	2.09251612E+01	2.27577913E+01	2.03178513E-04	-1.21771369E+00	
1.15557773E-01	5.99270727E+02	2.09463084E+01	2.25747355E+01	2.41751361E-04	-1.21691055E+00	
1.16494280E-01	6.04127354E+02	2.09673651E+01	2.23943448E+01	2.78981253E-04	-1.21610239E+00	
1.17434296E-01	6.09002181E+02	2.09883323E+01	2.22163441E+01	3.14625622E-04	-1.21529002E+00	
1.18377818E-01	6.13895189E+02	2.10092107E+01	2.20405116E+01	3.48680177E-04	-1.21447429E+00	
1.19324842E-01	6.18806357E+02	2.10300011E+01	2.18668462E+01	3.81397282E-04	-1.21365584E+00	
1.20275364E-01	6.23735666E+02	2.10507043E+01	2.16954190E+01	4.13016945E-04	-1.21283524E+00	
1.21229380E-01	6.28683097E+02	2.10713212E+01	2.15262067E+01	4.43625752E-04	-1.21201294E+00	
1.22186887E-01	6.33648630E+02	2.10918524E+01	2.13589406E+01	4.73068199E-04	-1.21118827E+00	
1.23147881E-01	6.38632246E+02	2.11122984E+01	2.11931838E+01	5.01161464E-04	-1.21035990E+00	
1.24112358E-01	6.43633924E+02	2.11326594E+01	2.10290828E+01	5.27974139E-04	-1.20952709E+00	
1.25080314E-01	6.48653644E+02	2.11529360E+01	2.08669013E+01	5.53581935E-04	-1.20869051E+00	
1.26051746E-01	6.53691388E+02	2.11731287E+01	2.07067835E+01	5.78040134E-04	-1.20785217E+00	
1.27026648E-01	6.58747134E+02	2.11932386E+01	2.05489066E+01	6.01316377E-04	-1.20701415E+00	
1.28005019E-01	6.63820862E+02	2.12132667E+01	2.03933094E+01	6.23332580E-04	-1.20617678E+00	
1.28986853E-01	6.68912553E+02	2.12332140E+01	2.02398334E+01	6.44217739E-04	-1.20533815E+00	
1.29972147E-01	6.74022187E+02	2.12530813E+01	2.00881851E+01	6.63964485E-04	-1.20449589E+00	
1.30960897E-01	6.79149742E+02	2.12728693E+01	1.99385327E+01	6.82336680E-04	-1.20364812E+00	
1.31953099E-01	6.84295199E+02	2.12925790E+01	1.97909940E+01	6.99231698E-04	-1.20279355E+00	
1.32948749E-01	6.89458537E+02	2.13122112E+01	1.96453479E+01	7.14706809E-04	-1.20193209E+00	
1.33947843E-01	6.94639735E+02	2.13317667E+01	1.95016591E+01	7.28989182E-04	-1.20106450E+00	
1.34950377E-01	6.99838774E+02	2.13512467E+01	1.93601887E+01	7.42550725E-04	-1.20019157E+00	
1.35956347E-01	7.05055632E+02	2.13706521E+01	1.92206898E+01	7.55648857E-04	-1.19931351E+00	
1.36965749E-01	7.10290289E+02	2.13899836E+01	1.90823933E+01	7.68187921E-04	-1.19842951E+00	
1.37978580E-01	7.15542723E+02	2.14092410E+01	1.89447760E+01	7.80031681E-04	-1.19753891E+00	
1.38994834E-01	7.20812915E+02	2.14284241E+01	1.88080336E+01	7.91176130E-04	-1.19664258E+00	
1.40014509E-01	7.26100843E+02	2.14475330E+01	1.86726033E+01	8.01874431E-04	-1.19574221E+00	
1.41037600E-01	7.31406486E+02	2.14665681E+01	1.85385832E+01	8.12518069E-04	-1.19483842E+00	
1.42064102E-01	7.36729822E+02	2.14855297E+01	1.84059633E+01	8.23598631E-04	-1.19393101E+00	
1.43094013E-01	7.42070832E+02	2.15044185E+01	1.82746726E+01	8.35546809E-04	-1.19301941E+00	
1.44127327E-01	7.47429493E+02	2.15232347E+01	1.81448164E+01	8.48524112E-04	-1.19210330E+00	
1.45164041E-01	7.52805785E+02	2.15419790E+01	1.80165741E+01	8.62683828E-04	-1.19118299E+00	
1.46204150E-01	7.58199686E+02	2.15606522E+01	1.78899115E+01	8.78239348E-04	-1.19025889E+00	
1.47247651E-01	7.63611174E+02	2.15792549E+01	1.77648027E+01	8.95338594E-04	-1.18933132E+00	
1.48294539E-01	7.69040228E+02	2.15977877E+01	1.76410171E+01	9.13942795E-04	-1.18840068E+00	
1.49344811E-01	7.74486827E+02	2.16162510E+01	1.75184211E+01	9.33854160E-04	-1.18746805E+00	
1.50398461E-01	7.79950949E+02	2.16346454E+01	1.73973881E+01	9.54922176E-04	-1.18653474E+00	
1.51455486E-01	7.85432572E+02	2.16529716E+01	1.72779657E+01	9.77065025E-04	-1.18560098E+00	
1.52515881E-01	7.90931674E+02	2.16712303E+01	1.71598671E+01	1.00023710E-03	-1.18466593E+00	
1.53579643E-01	7.96448234E+02	2.16894221E+01	1.70432350E+01	1.02431241E-03	-1.18372834E+00	
1.54646767E-01	8.01982230E+02	2.17075479E+01	1.69284585E+01	1.04894964E-03	-1.18278698E+00	
1.55717249E-01	8.07533639E+02	2.17256089E+01	1.68155620E+01	1.07365475E-03	-1.18184034E+00	
1.56791085E-01	8.13102440E+02	2.17436061E+01	1.67042050E+01	1.09801637E-03	-1.18088708E+00	
1.57868270E-01	8.18688610E+02	2.17615402E+01	1.65940851E+01	1.12191254E-03	-1.17992674E+00	
1.58948800E-01	8.24292128E+02	2.17794114E+01	1.64847602E+01	1.14530531E-03	-1.17895965E+00	
1.60032671E-01	8.29912970E+02	2.17972197E+01	1.63759311E+01	1.16817668E-03	-1.17798598E+00	
1.61119878E-01	8.35551116E+02	2.18149649E+01	1.62678754E+01	1.19052129E-03	-1.17700582E+00	
1.62210418E-01	8.41206541E+02	2.18326472E+01	1.61609877E+01	1.21209192E-03	-1.17601836E+00	
1.63304285E-01	8.46879225E+02	2.18502673E+01	1.60553674E+01	1.23254366E-03	-1.17502244E+00	
1.64401476E-01	8.52569144E+02	2.18678258E+01	1.59512116E+01	1.25155716E-03	-1.17401796E+00	
1.65501986E-01	8.58276276E+02	2.18853237E+01	1.58487481E+01	1.26893158E-03	-1.17300579E+00	
1.66605810E-01	8.64000597E+02	2.19027620E+01	1.57476976E+01	1.28485132E-03	-1.17198720E+00	
1.67712946E-01	8.69742086E+02	2.19201415E+01	1.56478790E+01	1.29956371E-03	-1.17096329E+00	
1.68823387E-01	8.75500720E+02	2.19374626E+01	1.55492517E+01	1.31293327E-03	-1.16993476E+00	
1.69937129E-01	8.81276475E+02	2.19547260E+01	1.54516354E+01	1.32460963E-03	-1.16890159E+00	
1.71054169E-01	8.87069329E+02	2.19719320E+01	1.53549621E+01	1.33449226E-03	-1.16786329E+00	
1.72174502E-01	8.92879258E+02	2.19890809E+01	1.52593284E+01	1.34298303E-03	-1.16682035E+00	
1.73298123E-01	8.98706240E+02	2.20061735E+01	1.51650311E+01	1.35062886E-03	-1.16577427E+00	
1.74425027E-01	9.04550252E+02	2.20232105E+01	1.50720703E+01	1.35784177E-03	-1.16472645E+00	
1.75555211E-01	9.10411270E+02	2.20401927E+01	1.49801372E+01	1.36490906E-03	-1.16367698E+00	
1.76688670E-01	9.16289271E+02	2.20571204E+01	1.48891055E+01	1.37212112E-03	-1.16262495E+00	
1.77825399E-01	9.22184231E+02	2.20739939E+01	1.47989227E+01	1.37969667E-03	-1.16156931E+00	
1.78965394E-01	9.28096128E+02	2.20908135E+01	1.47093497E+01	1.38765536E-03	-1.16051070E+00	
1.80108651E-01	9.34024937E+02	2.21075791E+01	1.46204231E+01	1.39589294E-03	-1.15945077E+00	
1.81255164E-01	9.39970636E+02	2.21242910E+01	1.45324646E+01	1.40408665E-03	-1.15839042E+00	
1.82404929E-01	9.45933200E+02	2.21409499E+01	1.44455257E+01	1.41195589E-03	-1.15732943E+00	
1.83557942E-01	9.51912606E+02	2.21575561E+01	1.43595484E+01	1.41927850E-03	-1.15626649E+00	
1.84714197E-01	9.57908830E+02	2.21741100E+01	1.42743856E+01	1.42592369E-03	-1.15519974E+00	
1.85873692E-01	9.63921848E+02	2.21906121E+01	1.41900447E+01	1.43226940E-03	-1.15412758E+00	
1.87036420E-01	9.69951637E+02	2.22070627E+01	1.41066390E+01	1.43885085E-03	-1.15304929E+00	
1.88202377E-01	9.75998172E+02	2.22234622E+01	1.40241580E+01	1.44601533E-03	-1.15196474E+00	
1.89371559E-01	9.82061430E+02	2.22398112E+01	1.39425353E+01	1.45412790E-03	-1.15087432E+00	
1.90543961E-01	9.88141386E+02	2.22561099E+01	1.38616200E+01	1.46356864E-03	-1.14977897E+00	
1.91719579E-01	9.94238016E+02	2.22723586E+01	1.37812766E+01	1.47460802E-03	-1.14867941E+00	
1.92898407E-01	1.00035130E+03	2.22885572E+01	1.37014458E+01	1.48719814E-03	-1.14757501E+00	
1.94080440E-01	1.00648120E+03	2.23047059E+01	1.36223411E+01	1.50080872E-03	-1.14646399E+00	
1.95265676E-01	1.01262771E+03	2.23208052E+01	1.35442692E+01	1.51468889E-03	-1.14534466E+00	
1.96454107E-01	1.01879079E+03	2.23368558E+01	1.34673950E+01	1.52819144E-03	-1.14421625E+00	
1.97645731E-01	1.02497043E+03	2.23528586E+01	1.33914798E+01	1.54111073E-03	-1.14307918E+00	
1.98840541E-01	1.03116660E+03	2.23688138E+01	1.33162968E+01	1.55381620E-03	-1.14193436E+00	
2.00038534E-01	1.03737926E+03	2.23847220E+01	1.32418663E+01	1.56696661E-03	-1.14078340E+00	
2.01239705E-01	1.04360841E+03	2.24005833E+01	1.31680817E+01	1.58095675E-03	-1.13962776E+00	
2.02444048E-01	1.04985401E+03	2.24163982E+01	1.30950867E+01	1.59575395E-03	-1.13846769E+00	
2.03651559E-01	1.05611604E+03	2.24321671E+01	1.30231479E+01	1.61106696E-03	-1.13730298E+00	
2.04862234E-01	1.06239447E+03	2.24478908E+01	1.29522074E+01	1.62648687E-03	-1.13613350E+00	
2.06076067E-01	1.06868929E+03	2.24635700E+01	1.28821180E+01	1.64186208E-03	-1.13495859E+00	
2.07293053E-01	1.07500045E+03	2.24792051E+01	1.28128082E+01	1.65746818E-03	-1.13377761E+00	
2.08513189E-01	1.08132795E+03	2.24947965E+01	1.27441236E+01	1.67364461E-03	-1.13259034E+00	
2.09736468E-01	1.08767175E+03	2.25103444E+01	1.26760803E+01	1.69033348E-03	-1.13139636E+00	
2.10962886E-01	1.09403183E+03	2.25258491E+01	1.26086483E+01	1.70734916E-03	-1.13019477E+00	
2.12192439E-01	1.10040816E+03	2.25413109E+01	1.25415954E+01	1.72463587E-03	-1.12898567E+00	
2.13425121E-01	1.10680072E+03	2.25567295E+01	1.24749063E+01	1.74225439E-03	-1.12777086E+00	
2.14660927E-01	1.11320949E+03	2.25721051E+01	1.24088115E+01	1.76035152E-03	-1.12655269E+00	
2.15899853E-01	1.11963443E+03	2.25874382E+01	1.23435262E+01	1.77885466E-03	-1.12533206E+00	
2.17141893E-01	1.12607552E+03	2.26027291E+01	1.22788269E+01	1.79750990E-03	-1.12410875E+00	
2.18387043E-01	1.13253274E+03	2.26179780E+01	1.22145195E+01	1.81618984E-03	-1.12288233E+00	
2.19635298E-01	1.13900606E+03	2.26331849E+01	1.21507841E+01	1.83481732E-03	-1.12165233E+00	
2.20886652E-01	1.14549546E+03	2.26483504E+01	1.20877943E+01	1.85355638E-03	-1.12041797E+00	
2.22141101E-01	1.15200090E+03	2.26634748E+01	1.20256088E+01	1.87283753E-03	-1.11917815E+00	
2.23398640E-01	1.15852237E+03	2.26785587E+01	1.19641491E+01	1.89271170E-03	-1.11793180E+00	
2.24659264E-01	1.16505984E+03	2.26936026E+01	1.19033258E+01	1.91294337E-03	-1.11667850E+00	
2.25922968E-01	1.17161327E+03	2.27086068E+01	1.18431313E+01	1.93353844E-03	-1.11541802E+00	
2.27189746E-01	1.17818266E+03	2.27235715E+01	1.17834629E+01	1.95487807E-03	-1.11415035E+00	
2.28459594E-01	1.18476796E+03	2.27384971E+01	1.17242211E+01	1.97742742E-03	-1.11287634E+00	
2.29732507E-01	1.19136915E+03	2.27533836E+01	1.16655951E+01	2.00134177E-03	-1.11159744E+00	
2.31008479E-01	1.19798621E+03	2.27682314E+01	1.16074185E+01	2.02644609E-03	-1.11031596E+00	
2.32287506E-01	1.20461912E+03	2.27830404E+01	1.15493501E+01	2.05233872E-03	-1.10903442E+00	
2.33569583E-01	1.21126783E+03	2.27978105E+01	1.14915461E+01	2.07832825E-03	-1.10775358E+00	
2.34854704E-01	1.21793234E+03	2.28125417E+01	1.14343381E+01	2.10385328E-03	-1.10647219E+00	
2.36142864E-01	1.22461260E+03	2.28272344E+01	1.13777907E+01	2.12881939E-03	-1.10518764E+00	
2.37434058E-01	1.23130860E+03	2.28418891E+01	1.13217247E+01	2.15350066E-03	-1.10389789E+00	
2.38728281E-01	1.23802031E+03	2.28565059E+01	1.12662311E+01	2.17818656E-03	-1.10260263E+00	
2.40025529E-01	1.24474770E+03	2.28710854E+01	1.12114981E+01	2.20318728E-03	-1.10130248E+00	
2.41325795E-01	1.25149075E+03	2.28856282E+01	1.11576622E+01	2.22878278E-03	-1.09999800E+00	
2.42629074E-01	1.25824942E+03	2.29001352E+01	1.11047386E+01	2.25486910E-03	-1.09868833E+00	
2.43935362E-01	1.26502370E+03	2.29146070E+01	1.10526061E+01	2.28119958E-03	-1.09737146E+00	
2.45244653E-01	1.27181355E+03	2.29290442E+01	1.10008140E+01	2.30749136E-03	-1.09604584E+00	
2.46556943E-01	1.27861895E+03	2.29434464E+01	1.09488819E+01	2.33330544E-03	-1.09471124E+00	
2.47872225E-01	1.28543986E+03	2.29578132E+01	1.08971245E+01	2.35828618E-03	-1.09336762E+00	
2.49190494E-01	1.29227627E+03	2.29721447E+01	1.08460326E+01	2.38259305E-03	-1.09201518E+00	
2.50511746E-01	1.29912815E+03	2.29864417E+01	1.07955488E+01	2.40717032E-03	-1.09065449E+00	
2.51835975E-01	1.30599547E+03	2.30007042E+01	1.07453219E+01	2.43349442E-03	-1.08928506E+00	
2.53163176E-01	1.31287819E+03	2.30149321E+01	1.06953046E+01	2.46278782E-03	-1.08790534E+00	
2.54493344E-01	1.31977631E+03	2.30291255E+01	1.06454712E+01	2.49582446E-03	-1.08651413E+00	
2.55826472E-01	1.32668977E+03	2.30432840E+01	1.05954603E+01	2.53258132E-03	-1.08511204E+00	
2.57162557E-01	1.33361857E+03	2.30574069E+01	1.05452385E+01	2.57200687E-03	-1.08369956E+00	
2.58501593E-01	1.34056267E+03	2.30714937E+01	1.04950669E+01	2.61293027E-03	-1.08227573E+00	
2.59843573E-01	1.34752205E+03	2.30855444E+01	1.04452507E+01	2.65444364E-03	-1.08083934E+00	
2.61188494E-01	1.35449667E+03	2.30995592E+01	1.03960233E+01	2.69553817E-03	-1.07939113E+00	
2.62536350E-01	1.36148651E+03	2.31135387E+01	1.03473515E+01	2.73519111E-03	-1.07793353E+00	
2.63887134E-01	1.36849154E+03	2.31274832E+01	1.02993379E+01	2.77263541E-03	-1.07646951E+00	
2.65240843E-01	1.37551173E+03	2.31413934E+01	1.02520012E+01	2.80710809E-03	-1.07500167E+00	
2.66597471E-01	1.38254706E+03	2.31552697E+01	1.02052147E+01	2.83774791E-03	-1.07353201E+00	
2.67957011E-01	1.38959750E+03	2.31691126E+01	1.01590158E+01	2.86388803E-03	-1.07206184E+00	
2.69319460E-01	1.39666302E+03	2.31829227E+01	1.01135373E+01	2.88543303E-03	-1.07059204E+00	
2.70684810E-01	1.40374359E+03	2.31967006E+01	1.00688812E+01	2.90269228E-03	-1.06912206E+00	
2.72053058E-01	1.41083918E+03	2.32104472E+01	1.00249112E+01	2.91591654E-03	-1.06764980E+00	
2.73424197E-01	1.41794977E+03	2.32241629E+01	9.98137005E+00	2.92554074E-03	-1.06617282E+00	
2.74798223E-01	1.42507532E+03	2.32378477E+01	9.93796502E+00	2.93237824E-03	-1.06468938E+00	
2.76175129E-01	1.43221581E+03	2.32515014E+01	9.89458343E+00	2.93743949E-03	-1.06319851E+00	
2.77554910E-01	1.43937122E+03	2.32651239E+01	9.85121925E+00	2.94156356E-03	-1.06169977E+00	
2.78937561E-01	1.44654150E+03	2.32787146E+01	9.80773681E+00	2.94514118E-03	-1.06019357E+00	
2.80323076E-01	1.45372664E+03	2.32922732E+01	9.76407823E+00	2.94820505E-03	-1.05868062E+00	
2.81711449E-01	1.46092660E+03	2.33057990E+01	9.72046839E+00	2.95068094E-03	-1.05716150E+00	
2.83102676E-01	1.46814136E+03	2.33192924E+01	9.67755151E+00	2.95277545E-03	-1.05563585E+00	
2.84496751E-01	1.47537089E+03	2.33327544E+01	9.63588732E+00	2.95452395E-03	-1.05410227E+00	
2.85893667E-01	1.48261515E+03	2.33461867E+01	9.59559370E+00	2.95577150E-03	-1.05255880E+00	
2.87293420E-01	1.48987413E+03	2.33595907E+01	9.55655177E+00	2.95643396E-03	-1.05100559E+00	
2.88696004E-01	1.49714779E+03	2.33729677E+01	9.51836022E+00	2.95626459E-03	-1.04944471E+00	
2.90101414E-01	1.50443610E+03	2.33863182E+01	9.48045596E+00	2.95486189E-03	-1.04787754E+00	
2.91509643E-01	1.51173903E+03	2.33996423E+01	9.44272631E+00	2.95189859E-03	-1.04630434E+00	
2.92920687E-01	1.51905656E+03	2.34129399E+01	9.40536541E+00	2.94714490E-03	-1.04472601E+00	
2.94334539E-01	1.52638865E+03	2.34262115E+01	9.36837294E+00	2.94017990E-03	-1.04314435E+00	
2.95751195E-01	1.53373528E+03	2.34394573E+01	9.33178438E+00	2.93064477E-03	-1.04156051E+00	
2.97170647E-01	1.54109641E+03	2.34526775E+01	9.29535538E+00	2.91859980E-03	-1.03997349E+00	
2.98592892E-01	1.54847203E+03	2.34658718E+01	9.25895057E+00	2.90452314E-03	-1.03838131E+00	
3.00017922E-01	1.55586209E+03	2.34790404E+01	9.22296270E+00	2.88897482E-03	-1.03678315E+00	
3.01445733E-01	1.56326657E+03	2.34921835E+01	9.18723664E+00	2.87228015E-03	-1.03517883E+00	
3.02876319E-01	1.57068544E+03	2.35053010E+01	9.15133981E+00	2.85467420E-03	-1.03356801E+00	
3.04309674E-01	1.57811867E+03	2.35183923E+01	9.11527264E+00	2.83610843E-03	-1.03194978E+00	
3.05745792E-01	1.58556623E+03	2.35314570E+01	9.07922094E+00	2.81652153E-03	-1.03032351E+00	
3.07184668E-01	1.59302810E+03	2.35444951E+01	9.04357084E+00	2.79637309E-03	-1.02869019E+00	
3.08626296E-01	1.60050423E+03	2.35575073E+01	9.00863561E+00	2.77612192E-03	-1.02705142E+00	
3.10070671E-01	1.60799461E+03	2.35704942E+01	8.97417084E+00	2.75633957E-03	-1.02540806E+00	
3.11517785E-01	1.61549919E+03	2.35834560E+01	8.93971049E+00	2.73793016E-03	-1.02376026E+00	
3.12967635E-01	1.62301796E+03	2.35963921E+01	8.90505895E+00	2.72159285E-03	-1.02210699E+00	
3.14420213E-01	1.63055089E+03	2.36093021E+01	8.87016724E+00	2.70736775E-03	-1.02044578E+00	
3.15875515E-01	1.63809793E+03	2.36221854E+01	8.83514872E+00	2.69481986E-03	-1.01877441E+00	
3.17333534E-01	1.64565907E+03	2.36350416E+01	8.80006857E+00	2.68337138E-03	-1.01709265E+00	
3.18794265E-01	1.65323427E+03	2.36478705E+01	8.76489387E+00	2.67238801E-03	-1.01540156E+00	
3.20257702E-01	1.66082350E+03	2.36606715E+01	8.72961345E+00	2.66099586E-03	-1.01370146E+00	
3.21723839E-01	1.66842674E+03	2.36734443E+01	8.69410917E+00	2.64820770E-03	-1.01199198E+00	
3.23192670E-01	1.67604394E+03	2.36861885E+01	8.65872990E+00	2.63343957E-03	-1.01027423E+00	
3.24664189E-01	1.68367509E+03	2.36989041E+01	8.62363258E+00	2.61671769E-03	-1.00855042E+00	
3.26138391E-01	1.69132015E+03	2.37115912E+01	8.58858426E+00	2.59800617E-03	-1.00682155E+00	
3.27615270E-01	1.69897909E+03	2.37242497E+01	8.55365388E+00	2.57714745E-03	-1.00508776E+00	
3.29094820E-01	1.70665189E+03	2.37368795E+01	8.51893298E+00	2.55447221E-03	-1.00335000E+00	
3.30577034E-01	1.71433850E+03	2.37494809E+01	8.48448137E+00	2.53052606E-03	-1.00161014E+00	
3.32061908E-01	1.72203890E+03	2.37620538E+01	8.45020971E+00	2.50586568E-03	-9.99869972E-01	
3.33549434E-01	1.72975306E+03	2.37745983E+01	8.41615382E+00	2.48103004E-03	-9.98130664E-01	
3.35039608E-01	1.73748095E+03	2.37871146E+01	8.38240219E+00	2.45600953E-03	-9.96392451E-01	
3.36532424E-01	1.74522254E+03	2.37996030E+01	8.34900350E+00	2.43039622E-03	-9.94654418E-01	
3.38027874E-01	1.75297779E+03	2.38120638E+01	8.31596635E+00	2.40413089E-03	-9.92913356E-01	
3.39525954E-01	1.76074668E+03	2.38244973E+01	8.28327451E+00	2.37741632E-03	-9.91165566E-01	
3.41026658E-01	1.76852917E+03	2.38369037E+01	8.25098279E+00	2.35038321E-03	-9.89410109E-01	
3.42529979E-01	1.77632524E+03	2.38492834E+01	8.21878471E+00	2.32282099E-03	-9.87647910E-01	
3.44035912E-01	1.78413486E+03	2.38616361E+01	8.18663022E+00	2.29481115E-03	-9.85879357E-01	
3.45544451E-01	1.79195798E+03	2.38739619E+01	8.15477060E+00	2.26678310E-03	-9.84104647E-01	
3.47055589E-01	1.79979459E+03	2.38862609E+01	8.12316271E+00	2.23896260E-03	-9.82325357E-01	
3.48569320E-01	1.80764464E+03	2.38985334E+01	8.09164948E+00	2.21182391E-03	-9.80545014E-01	
3.50085640E-01	1.81550812E+03	2.39107791E+01	8.06029385E+00	2.18604163E-03	-9.78767385E-01	
3.51604540E-01	1.82338498E+03	2.39229982E+01	8.02925264E+00	2.16204712E-03	-9.76994154E-01	
3.53126017E-01	1.83127520E+03	2.39351911E+01	7.99846961E+00	2.13981027E-03	-9.75224473E-01	
3.54650063E-01	1.83917875E+03	2.39473578E+01	7.96790136E+00	2.11927152E-03	-9.73456570E-01	
3.56176672E-01	1.84709559E+03	2.39594985E+01	7.93758960E+00	2.10044597E-03	-9.71689302E-01	
3.57705838E-01	1.85502569E+03	2.39716135E+01	7.90780353E+00	2.08294348E-03	-9.69921865E-01	
3.59237556E-01	1.86296902E+03	2.39837037E+01	7.87866948E+00	2.06561036E-03	-9.68153432E-01	
3.60771820E-01	1.87092555E+03	2.39957696E+01	7.85004649E+00	2.04715640E-03	-9.66383651E-01	
3.62308622E-01	1.87889525E+03	2.40078118E+01	7.82174257E+00	2.02650828E-03	-9.64612202E-01	
3.63847957E-01	1.88687808E+03	2.40198305E+01	7.79386000E+00	2.00301385E-03	-9.62838073E-01	
3.65389820E-01	1.89487402E+03	2.40318265E+01	7.76657862E+00	1.97692584E-03	-9.61059657E-01	
3.66934203E-01	1.90288303E+03	2.40438003E+01	7.73977414E+00	1.94910037E-03	-9.59275348E-01	
3.68481100E-01	1.91090509E+03	2.40557524E+01	7.71321957E+00	1.92054377E-03	-9.57485656E-01	
3.70030506E-01	1.91894015E+03	2.40676826E+01	7.68648562E+00	1.89197291E-03	-9.55691928E-01	
3.71582415E-01	1.92698819E+03	2.40795904E+01	7.65941464E+00	1.86410287E-03	-9.53895195E-01	
3.73136820E-01	1.93504917E+03	2.40914749E+01	7.63198320E+00	1.83768528E-03	-9.52095829E-01	
3.74693714E-01	1.94312306E+03	2.41033355E+01	7.60427734E+00	1.81362840E-03	-9.50294633E-01	
3.76253093E-01	1.95120984E+03	2.41151720E+01	7.57679741E+00	1.79258259E-03	-9.48492559E-01	
3.77814949E-01	1.95930947E+03	2.41269848E+01	7.54986581E+00	1.77444062E-03	-9.46688792E-01	
3.79379277E-01	1.96742191E+03	2.41387745E+01	7.52353354E+00	1.75870471E-03	-9.44881726E-01	
3.80946069E-01	1.97554713E+03	2.41505421E+01	7.49779727E+00	1.74449677E-03	-9.43069657E-01	
3.82515321E-01	1.98368511E+03	2.41622882E+01	7.47250940E+00	1.73114649E-03	-9.41250916E-01	
3.84087026E-01	1.99183581E+03	2.41740131E+01	7.44762087E+00	1.71870514E-03	-9.39425158E-01	
3.85661177E-01	1.99999920E+03	2.41857175E+01	7.42316583E+00	1.70719307E-03	-9.37593314E-01	
3.87237768E-01	2.00817524E+03	2.41974016E+01	7.39886358E+00	1.69592265E-03	-9.35756404E-01	
3.88816793E-01	2.01636390E+03	2.42090653E+01	7.37430351E+00	1.68405708E-03	-9.33915360E-01	
3.90398246E-01	2.02456515E+03	2.42207078E+01	7.34952906E+00	1.67109343E-03	-9.32071419E-01	
3.91982121E-01	2.03277896E+03	2.42323290E+01	7.32488488E+00	1.65714127E-03	-9.30226013E-01	
3.93568411E-01	2.04100530E+03	2.42439290E+01	7.30056356E+00	1.64309134E-03	-9.28379797E-01	
3.95157109E-01	2.04924412E+03	2.42555085E+01	7.27694807E+00	1.62970571E-03	-9.26532395E-01	
3.96748210E-01	2.05749541E+03	2.42670686E+01	7.25408212E+00	1.61731261E-03	-9.24683515E-01	
3.98341707E-01	2.06575912E+03	2.42786099E+01	7.23127847E+00	1.60604110E-03	-9.22833889E-01	
3.99937594E-01	2.07403523E+03	2.42901317E+01	7.20802147E+00	1.59609180E-03	-9.20982954E-01	
4.01535865E-01	2.08232370E+03	2.43016331E+01	7.18419342E+00	1.58735486E-03	-9.19128698E-01	
4.03136513E-01	2.09062449E+03	2.43131132E+01	7.16013842E+00	1.57935679E-03	-9.17268863E-01	
4.04739532E-01	2.09893758E+03	2.43245719E+01	7.13638188E+00	1.57214087E-03	-9.15400787E-01	
4.06344915E-01	2.10726294E+03	2.43360097E+01	7.11303579E+00	1.56625923E-03	-9.13521809E-01	
4.07952656E-01	2.11560052E+03	2.43474269E+01	7.08973575E+00	1.56267248E-03	-9.11631532E-01	
4.09562749E-01	2.12395029E+03	2.43588233E+01	7.06645726E+00	1.56212378E-03	-9.09731514E-01	
4.11175188E-01	2.13231223E+03	2.43701990E+01	7.04353908E+00	1.56449715E-03	-9.07823863E-01	
4.12789965E-01	2.14068630E+03	2.43815545E+01	7.02099062E+00	1.56899380E-03	-9.05910553E-01	
4.14407075E-01	2.14907247E+03	2.43928901E+01	6.99867681E+00	1.57463736E-03	-9.03993190E-01	
4.16026511E-01	2.15747069E+03	2.44042060E+01	6.97640321E+00	1.58041451E-03	-9.02073252E-01	
4.17648266E-01	2.16588095E+03	2.44155018E+01	6.95383707E+00	1.58550362E-03	-9.00150950E-01	
4.19272335E-01	2.17430320E+03	2.44267766E+01	6.93073070E+00	1.58970252E-03	-8.98225096E-01	
4.20898710E-01	2.18273742E+03	2.44380295E+01	6.90732061E+00	1.59289341E-03	-8.96295241E-01	
4.22527386E-01	2.19118356E+03	2.44492604E+01	6.88409061E+00	1.59518408E-03	-8.94363263E-01	
4.24158355E-01	2.19964161E+03	2.44604695E+01	6.86135886E+00	1.59721814E-03	-8.92431930E-01	
4.25791612E-01	2.20811151E+03	2.44716576E+01	6.83910049E+00	1.59936635E-03	-8.90502357E-01	
4.27427150E-01	2.21659324E+03	2.44828252E+01	6.81710320E+00	1.60163603E-03	-8.88573852E-01	
4.29064962E-01	2.22508676E+03	2.44939724E+01	6.79513946E+00	1.60384726E-03	-8.86644689E-01	
4.30705042E-01	2.23359205E+03	2.45050988E+01	6.77294080E+00	1.60555364E-03	-8.84712468E-01	
4.32347383E-01	2.24210906E+03	2.45162039E+01	6.75067422E+00	1.60639964E-03	-8.82776135E-01	
4.33991979E-01	2.25063777E+03	2.45272880E+01	6.72877709E+00	1.60657846E-03	-8.80837107E-01	
4.35638824E-01	2.25917813E+03	2.45383516E+01	6.70748496E+00	1.60691391E-03	-8.78897561E-01	
4.37287910E-01	2.26773012E+03	2.45493957E+01	6.68677976E+00	1.60833298E-03	-8.76958629E-01	
4.38939231E-01	2.27629371E+03	2.45604209E+01	6.66652050E+00	1.61144394E-03	-8.75020177E-01	
4.40592781E-01	2.28486885E+03	2.45714279E+01	6.64670243E+00	1.61656963E-03	-8.73081280E-01	
4.42248553E-01	2.29345551E+03	2.45824171E+01	6.62714523E+00	1.62376738E-03	-8.71141276E-01	
4.43906541E-01	2.30205366E+03	2.45933886E+01	6.60756136E+00	1.63311145E-03	-8.69199647E-01	
4.45566737E-01	2.31066327E+03	2.46043422E+01	6.58792393E+00	1.64485887E-03	-8.67255128E-01	
4.47229136E-01	2.31928430E+03	2.46152775E+01	6.56822828E+00	1.65909424E-03	-8.65306471E-01	
4.48893730E-01	2.32791671E+03	2.46261948E+01	6.54883113E+00	1.67544551E-03	-8.63354657E-01	
4.50560514E-01	2.33656048E+03	2.46370944E+01	6.52978961E+00	1.69338751E-03	-8.61401991E-01	
4.52229480E-01	2.34521557E+03	2.46479764E+01	6.51063513E+00	1.71246654E-03	-8.59449831E-01	
4.53900621E-01	2.35388194E+03	2.46588405E+01	6.49131595E+00	1.73208010E-03	-8.57497710E-01	
4.55573932E-01	2.36255956E+03	2.46696861E+01	6.47179042E+00	1.75141241E-03	-8.55543786E-01	
4.57249406E-01	2.37124839E+03	2.46805130E+01	6.45210080E+00	1.76979480E-03	-8.53586030E-01	
4.58927035E-01	2.37994840E+03	2.46913206E+01	6.43230553E+00	1.78680260E-03	-8.51624157E-01	
4.60606814E-01	2.38865956E+03	2.47021087E+01	6.41232581E+00	1.80242123E-03	-8.49659811E-01	
4.62288735E-01	2.39738183E+03	2.47128768E+01	6.39213341E+00	1.81670661E-03	-8.47695094E-01	
4.63972792E-01	2.40611518E+03	2.47236244E+01	6.37179283E+00	1.82925170E-03	-8.45730959E-01	
4.65658979E-01	2.41485957E+03	2.47343512E+01	6.35128753E+00	1.83930704E-03	-8.43767124E-01	
4.67347288E-01	2.42361497E+03	2.47450566E+01	6.33059589E+00	1.84619773E-03	-8.41803248E-01	
4.69037712E-01	2.43238133E+03	2.47557405E+01	6.30992774E+00	1.85053029E-03	-8.39838426E-01	
4.70730246E-01	2.44115864E+03	2.47664030E+01	6.28950310E+00	1.85397471E-03	-8.37870625E-01	
4.72424882E-01	2.44994685E+03	2.47770443E+01	6.26941460E+00	1.85782049E-03	-8.35898600E-01	
4.74121614E-01	2.45874592E+03	2.47876650E+01	6.24964157E+00	1.86281053E-03	-8.33922394E-01	
4.75820434E-01	2.46755583E+03	2.47982655E+01	6.23022100E+00	1.86926421E-03	-8.31941955E-01	
4.77521337E-01	2.47637654E+03	2.48088461E+01	6.21099812E+00	1.87749446E-03	-8.29956979E-01	
4.79224315E-01	2.48520801E+03	2.48194071E+01	6.19203613E+00	1.88760703E-03	-8.27968541E-01	
4.80929361E-01	2.49405020E+03	2.48299490E+01	6.17348442E+00	1.89898356E-03	-8.25978381E-01	
4.82636470E-01	2.50290309E+03	2.48404719E+01	6.15489904E+00	1.91090352E-03	-8.23988918E-01	
4.84345633E-01	2.51176664E+03	2.48509756E+01	6.13604874E+00	1.92294147E-03	-8.22002327E-01	
4.86056845E-01	2.52064081E+03	2.48614593E+01	6.11685385E+00	1.93485461E-03	-8.20018731E-01	
4.87770098E-01	2.52952556E+03	2.48719221E+01	6.09690600E+00	1.94658660E-03	-8.18035873E-01	
4.89485386E-01	2.53842087E+03	2.48823623E+01	6.07616617E+00	1.95830226E-03	-8.16051185E-01	
4.91202702E-01	2.54732669E+03	2.48927790E+01	6.05520728E+00	1.97040315E-03	-8.14063384E-01	
4.92922039E-01	2.55624300E+03	2.49031721E+01	6.03448628E+00	1.98279319E-03	-8.12073618E-01	
4.94643390E-01	2.56516975E+03	2.49135417E+01	6.01375270E+00	1.99460567E-03	-8.10083727E-01	
4.96366748E-01	2.57410690E+03	2.49238875E+01	5.99267219E+00	2.00524630E-03	-8.08094284E-01	
4.98092107E-01	2.58305444E+03	2.49342088E+01	5.97164354E+00	2.01488778E-03	-8.06105730E-01	
4.99819460E-01	2.59201231E+03	2.49445061E+01	5.95117288E+00	2.02415708E-03	-8.04118798E-01	
5.01548799E-01	2.60098049E+03	2.49547804E+01	5.93113137E+00	2.03365084E-03	-8.02134006E-01	
5.03280119E-01	2.60995893E+03	2.49650320E+01	5.91148449E+00	2.04372650E-03	-8.00152732E-01	
5.05013411E-01	2.61894761E+03	2.49752617E+01	5.89240914E+00	2.05434195E-03	-7.98177409E-01	
5.06748670E-01	2.62794648E+03	2.49854704E+01	5.87388555E+00	2.06522321E-03	-7.96209588E-01	
5.08485887E-01	2.63695551E+03	2.49956589E+01	5.85586471E+00	2.07601140E-03	-7.94249178E-01	
5.10225058E-01	2.64597467E+03	2.50058279E+01	5.83842708E+00	2.08624922E-03	-7.92295294E-01	
5.11966173E-01	2.65500392E+03	2.50159787E+01	5.82181224E+00	2.09584041E-03	-7.90346062E-01	
5.13709227E-01	2.66404322E+03	2.50261124E+01	5.80572180E+00	2.10498426E-03	-7.88398452E-01	
5.15454213E-01	2.67309253E+03	2.50362292E+01	5.78945620E+00	2.11407885E-03	-7.86451080E-01	
5.17201124E-01	2.68215183E+03	2.50463283E+01	5.77274858E+00	2.12360769E-03	-7.84504428E-01	
5.18949952E-01	2.69122108E+03	2.50564089E+01	5.75563247E+00	2.13329362E-03	-7.82559159E-01	
5.20700691E-01	2.70030023E+03	2.50664704E+01	5.73831915E+00	2.14235322E-03	-7.80615130E-01	
5.22453334E-01	2.70938926E+03	2.50765126E+01	5.72131561E+00	2.15024582E-03	-7.78671381E-01	
5.24207874E-01	2.71848812E+03	2.50865364E+01	5.70487564E+00	2.15710682E-03	-7.76727268E-01	
5.25964304E-01	2.72759678E+03	2.50965424E+01	5.68861950E+00	2.16375756E-03	-7.74782753E-01	
5.27722617E-01	2.73671521E+03	2.51065303E+01	5.67219107E+00	2.17095653E-03	-7.72836432E-01	
5.29482805E-01	2.74584337E+03	2.51164998E+01	5.65541215E+00	2.17929113E-03	-7.70886179E-01	
5.31244863E-01	2.75498122E+03	2.51264498E+01	5.63812913E+00	2.18916075E-03	-7.68930689E-01	
5.33008783E-01	2.76412873E+03	2.51363795E+01	5.62051628E+00	2.20037042E-03	-7.66969555E-01	
5.34774557E-01	2.77328585E+03	2.51462885E+01	5.60293898E+00	2.21218401E-03	-7.65002602E-01	
5.36542180E-01	2.78245256E+03	2.51561770E+01	5.58555007E+00	2.22345111E-03	-7.63030623E-01	
5.38311644E-01	2.79162882E+03	2.51660450E+01	5.56812972E+00	2.23316831E-03	-7.61054771E-01	
5.40082941E-01	2.80081458E+03	2.51758923E+01	5.55066343E+00	2.24145966E-03	-7.59075925E-01	
5.41856065E-01	2.81000982E+03	2.51857190E+01	5.53346759E+00	2.24961367E-03	-7.57095049E-01	
5.43631010E-01	2.81921450E+03	2.51955256E+01	5.51657889E+00	2.25859436E-03	-7.55114028E-01	
5.45407766E-01	2.82842858E+03	2.52053123E+01	5.49973596E+00	2.26824635E-03	-7.53135114E-01	
5.47186329E-01	2.83765202E+03	2.52150789E+01	5.48282699E+00	2.27803920E-03	-7.51159789E-01	
5.48966690E-01	2.84688479E+03	2.52248252E+01	5.46580788E+00	2.28788699E-03	-7.49188318E-01	
5.50748843E-01	2.85612686E+03	2.52345508E+01	5.44874484E+00	2.29769165E-03	-7.47220105E-01	
5.52532781E-01	2.86537817E+03	2.52442559E+01	5.43179871E+00	2.30711321E-03	-7.45254565E-01	
5.54318495E-01	2.87463870E+03	2.52539404E+01	5.41480735E+00	2.31573599E-03	-7.43291969E-01	
5.56105981E-01	2.88390842E+03	2.52636041E+01	5.39782899E+00	2.32333513E-03	-7.41332850E-01	
5.57895229E-01	2.89318728E+03	2.52732471E+01	5.38104682E+00	2.33012495E-03	-7.39376265E-01	
5.59686233E-01	2.90247524E+03	2.52828696E+01	5.36432707E+00	2.33639028E-03	-7.37420322E-01	
5.61478987E-01	2.91177228E+03	2.52924716E+01	5.34770549E+00	2.34218940E-03	-7.35464735E-01	
5.63273482E-01	2.92107834E+03	2.53020532E+01	5.33118192E+00	2.34711636E-03	-7.33510536E-01	
5.65069712E-01	2.93039341E+03	2.53116146E+01	5.31493006E+00	2.35044792E-03	-7.31558786E-01	
5.66867670E-01	2.93971743E+03	2.53211564E+01	5.29926112E+00	2.35143896E-03	-7.29610591E-01	
5.68667348E-01	2.94905038E+03	2.53306796E+01	5.28408009E+00	2.34966306E-03	-7.27665970E-01	
5.70468740E-01	2.95839221E+03	2.53401850E+01	5.26929433E+00	2.34519773E-03	-7.25724911E-01	
5.72271837E-01	2.96774289E+03	2.53496728E+01	5.25451890E+00	2.33896370E-03	-7.23788321E-01	
5.74076634E-01	2.97710238E+03	2.53591424E+01	5.23916718E+00	2.33254805E-03	-7.21856640E-01	
5.75883123E-01	2.98647064E+03	2.53685924E+01	5.22303443E+00	2.32732672E-03	-7.19929288E-01	
5.77691296E-01	2.99584764E+03	2.53780215E+01	5.20627425E+00	2.32369861E-03	-7.18005758E-01	
5.79501147E-01	3.00523334E+03	2.53874286E+01	5.18925749E+00	2.32126027E-03	-7.16086110E-01	
5.81312668E-01	3.01462770E+03	2.53968137E+01	5.17226414E+00	2.31985539E-03	-7.14170814E-01	
5.83125852E-01	3.02403069E+03	2.54061766E+01	5.15529554E+00	2.32017298E-03	-7.12260311E-01	
5.84940692E-01	3.03344226E+03	2.54155171E+01	5.13819546E+00	2.32328859E-03	-7.10354344E-01	
5.86757180E-01	3.04286239E+03	2.54248349E+01	5.12089883E+00	2.32956372E-03	-7.08452292E-01	
5.88575310E-01	3.05229102E+03	2.54341297E+01	5.10366334E+00	2.33848348E-03	-7.06553618E-01	
5.90395075E-01	3.06172813E+03	2.54434018E+01	5.08696433E+00	2.34913479E-03	-7.04657781E-01	
5.92216466E-01	3.07117368E+03	2.54526525E+01	5.07088431E+00	2.36090049E-03	-7.02764226E-01	
5.94039477E-01	3.08062763E+03	2.54618822E+01	5.05486478E+00	2.37399090E-03	-7.00872766E-01	
5.95864101E-01	3.09008994E+03	2.54710905E+01	5.03849057E+00	2.38847180E-03	-6.98984639E-01	
5.97690330E-01	3.09956058E+03	2.54802769E+01	5.02206449E+00	2.40389573E-03	-6.97101737E-01	
5.99518157E-01	3.10903950E+03	2.54894413E+01	5.00545345E+00	2.42026795E-03	-6.95224554E-01	
6.01347575E-01	3.11852667E+03	2.54985826E+01	4.98814269E+00	2.43811116E-03	-6.93351851E-01	
6.03178577E-01	3.12802206E+03	2.55076998E+01	4.97049030E+00	2.45773288E-03	-6.91483133E-01	
6.05011154E-01	3.13752562E+03	2.55167925E+01	4.95301373E+00	2.47913522E-03	-6.89620033E-01	
6.06845301E-01	3.14703731E+03	2.55258613E+01	4.93585076E+00	2.50227251E-03	-6.87764837E-01	
6.08681009E-01	3.15655711E+03	2.55349065E+01	4.91887098E+00	2.52695662E-03	-6.85918356E-01	
6.10518272E-01	3.16608496E+03	2.55439280E+01	4.90171276E+00	2.55263066E-03	-6.84080328E-01	
6.12357081E-01	3.17562084E+03	2.55529252E+01	4.88412637E+00	2.57846884E-03	-6.82249559E-01	
6.14197431E-01	3.18516470E+03	2.55618971E+01	4.86598811E+00	2.60372458E-03	-6.80424590E-01	
6.16039313E-01	3.19471652E+03	2.55708426E+01	4.84734732E+00	2.62787654E-03	-6.78604880E-01	
6.17882720E-01	3.20427624E+03	2.55797608E+01	4.82841997E+00	2.65067196E-03	-6.76790524E-01	
6.19727645E-01	3.21384383E+03	2.55886513E+01	4.80936689E+00	2.67198176E-03	-6.74981772E-01	
6.21574081E-01	3.22341925E+03	2.55975139E+01	4.79027984E+00	2.69180892E-03	-6.73178581E-01	
6.23422019E-01	3.23300247E+03	2.56063485E+01	4.77139705E+00	2.71059575E-03	-6.71379875E-01	
6.25271454E-01	3.24259345E+03	2.56151559E+01	4.75309003E+00	2.72857785E-03	-6.69584666E-01	
6.27122377E-01	3.25219214E+03	2.56239370E+01	4.73535277E+00	2.74552661E-03	-6.67792796E-01	
6.28974781E-01	3.26179852E+03	2.56326925E+01	4.71782414E+00	2.76106142E-03	-6.66005192E-01	
6.30828659E-01	3.27141254E+03	2.56414224E+01	4.70008498E+00	2.77502820E-03	-6.64223321E-01	
6.32684003E-01	3.28103417E+03	2.56501258E+01	4.68181465E+00	2.78758000E-03	-6.62447466E-01	
6.34540806E-01	3.29066336E+03	2.56588017E+01	4.66301948E+00	2.79875280E-03	-6.60676539E-01	
6.36399061E-01	3.30030008E+03	2.56674490E+01	4.64386807E+00	2.80868081E-03	-6.58909517E-01	
6.38258761E-01	3.30994429E+03	2.56760671E+01	4.62434519E+00	2.81728977E-03	-6.57146778E-01	
6.40119897E-01	3.31959595E+03	2.56846552E+01	4.60450900E+00	2.82420920E-03	-6.55389770E-01	
6.41982463E-01	3.32925502E+03	2.56932129E+01	4.58461099E+00	2.82857545E-03	-6.53640180E-01	
6.43846451E-01	3.33892147E+03	2.57017399E+01	4.56465262E+00	2.82927400E-03	-6.51900265E-01	
6.45711853E-01	3.34859526E+03	2.57102362E+01	4.54465432E+00	2.82591246E-03	-6.50172036E-01	
6.47578663E-01	3.35827634E+03	2.57187016E+01	4.52475958E+00	2.81896117E-03	-6.48455679E-01	
6.49446873E-01	3.36796468E+03	2.57271363E+01	4.50498099E+00	2.80913637E-03	-6.46749291E-01	
6.51316475E-01	3.37766025E+03	2.57355404E+01	4.48531439E+00	2.79686556E-03	-6.45050701E-01	
6.53187462E-01	3.38736300E+03	2.57439142E+01	4.46596061E+00	2.78265463E-03	-6.43358741E-01	
6.55059827E-01	3.39707289E+03	2.57522585E+01	4.44718793E+00	2.76725179E-03	-6.41672393E-01	
6.56933562E-01	3.40678988E+03	2.57605740E+01	4.42875088E+00	2.75121124E-03	-6.39991010E-01	
6.58808659E-01	3.41651395E+03	2.57688611E+01	4.41034463E+00	2.73485602E-03	-6.38313797E-01	
6.60685112E-01	3.42624504E+03	2.57771196E+01	4.39186817E+00	2.71882216E-03	-6.36639638E-01	
6.62562913E-01	3.43598312E+03	2.57853492E+01	4.37325442E+00	2.70397574E-03	-6.34968580E-01	
6.64442054E-01	3.44572815E+03	2.57935497E+01	4.35468047E+00	2.69077035E-03	-6.33302024E-01	
6.66322528E-01	3.45548010E+03	2.58017212E+01	4.33623561E+00	2.67918042E-03	-6.31640973E-01	
6.68204328E-01	3.46523892E+03	2.58098638E+01	4.31780083E+00	2.66896500E-03	-6.29985736E-01	
6.70087445E-01	3.47500457E+03	2.58179772E+01	4.29920615E+00	2.65957692E-03	-6.28336522E-01	
6.71971873E-01	3.48477702E+03	2.58260611E+01	4.28041206E+00	2.64998084E-03	-6.26693687E-01	
6.73857604E-01	3.49455622E+03	2.58341148E+01	4.26132594E+00	2.63922641E-03	-6.25057133E-01	
6.75744630E-01	3.50434215E+03	2.58421377E+01	4.24175297E+00	2.62679998E-03	-6.23426669E-01	
6.77632944E-01	3.51413475E+03	2.58501284E+01	4.22139689E+00	2.61239832E-03	-6.21802671E-01	
6.79522539E-01	3.52393400E+03	2.58580853E+01	4.20029667E+00	2.59585318E-03	-6.20185145E-01	
6.81413407E-01	3.53373984E+03	2.58660074E+01	4.17905662E+00	2.57693447E-03	-6.18574131E-01	
6.83305540E-01	3.54355225E+03	2.58738948E+01	4.15803183E+00	2.55575325E-03	-6.16970101E-01	
6.85198931E-01	3.55337118E+03	2.58817478E+01	4.13721584E+00	2.53283709E-03	-6.15373750E-01	
6.87093573E-01	3.56319660E+03	2.58895668E+01	4.11658295E+00	2.50857648E-03	-6.13786457E-01	
6.88989458E-01	3.57302846E+03	2.58973519E+01	4.09611147E+00	2.48295006E-03	-6.12209242E-01	
6.90886578E-01	3.58286673E+03	2.59051032E+01	4.07551871E+00	2.45584796E-03	-6.10641451E-01	
6.92784926E-01	3.59271137E+03	2.59128202E+01	4.05456725E+00	2.42766132E-03	-6.09082015E-01	
6.94684494E-01	3.60256234E+03	2.59205019E+01	4.03328265E+00	2.39954904E-03	-6.07530314E-01	
6.96585275E-01	3.61241959E+03	2.59281479E+01	4.01187445E+00	2.37282568E-03	-6.05985968E-01	
6.98487261E-01	3.62228309E+03	2.59357581E+01	3.99041156E+00	2.34829912E-03	-6.04448555E-01	
7.00390445E-01	3.63215281E+03	2.59433320E+01	3.96875480E+00	2.32642681E-03	-6.02917594E-01	
7.02294819E-01	3.64202870E+03	2.59508694E+01	3.94722560E+00	2.30748931E-03	-6.01392595E-01	
7.04200375E-01	3.65191072E+03	2.59583710E+01	3.92624624E+00	2.29117578E-03	-5.99873342E-01	
7.06107107E-01	3.66179883E+03	2.59658377E+01	3.90578889E+00	2.27678013E-03	-5.98360603E-01	
7.08015005E-01	3.67169300E+03	2.59732702E+01	3.88552783E+00	2.26353710E-03	-5.96854853E-01	
7.09924064E-01	3.68159318E+03	2.59806685E+01	3.86512832E+00	2.25067846E-03	-5.95355229E-01	
7.11834275E-01	3.69149934E+03	2.59880321E+01	3.84452772E+00	2.23786062E-03	-5.93860886E-01	
7.13745630E-01	3.70141143E+03	2.59953605E+01	3.82375871E+00	2.22498059E-03	-5.92371871E-01	
7.15658123E-01	3.71132942E+03	2.60026534E+01	3.80275288E+00	2.21176781E-03	-5.90888645E-01	
7.17571745E-01	3.72125327E+03	2.60099101E+01	3.78156572E+00	2.19807919E-03	-5.89412067E-01	
7.19486489E-01	3.73118293E+03	2.60171304E+01	3.76018213E+00	2.18399212E-03	-5.87942617E-01	
7.21402347E-01	3.74111837E+03	2.60243137E+01	3.73855346E+00	2.16935162E-03	-5.86479917E-01	
7.23319312E-01	3.75105956E+03	2.60314595E+01	3.71678518E+00	2.15350245E-03	-5.85023973E-01	
7.25237375E-01	3.76100644E+03	2.60385677E+01	3.69504690E+00	2.13592234E-03	-5.83575805E-01	
7.27156531E-01	3.77095898E+03	2.60456383E+01	3.67344993E+00	2.11664277E-03	-5.82136519E-01	
7.29076770E-01	3.78091714E+03	2.60526716E+01	3.65203953E+00	2.09577724E-03	-5.80706430E-01	
7.30998085E-01	3.79088088E+03	2.60596679E+01	3.63080781E+00	2.07344673E-03	-5.79284307E-01	
7.32920468E-01	3.80085017E+03	2.60666275E+01	3.60973745E+00	2.04993129E-03	-5.77868366E-01	
7.34843913E-01	3.81082495E+03	2.60735504E+01	3.58880765E+00	2.02584004E-03	-5.76458298E-01	
7.36768411E-01	3.82080520E+03	2.60804369E+01	3.56776065E+00	2.00191608E-03	-5.75055664E-01	
7.38693954E-01	3.83079087E+03	2.60872864E+01	3.54662417E+00	1.97857065E-03	-5.73661985E-01	
7.40620535E-01	3.84078192E+03	2.60940990E+01	3.52563029E+00	1.95583330E-03	-5.72278010E-01	
7.42548147E-01	3.85077832E+03	2.61008750E+01	3.50485691E+00	1.93363986E-03	-5.70904264E-01	
7.44476781E-01	3.86078002E+03	2.61076146E+01	3.48412429E+00	1.91180888E-03	-5.69541678E-01	
7.46406431E-01	3.87078698E+03	2.61143175E+01	3.46306927E+00	1.89015748E-03	-5.68190846E-01	
7.48337087E-01	3.88079917E+03	2.61209829E+01	3.44176229E+00	1.86843302E-03	-5.66851391E-01	
7.50268743E-01	3.89081654E+03	2.61276106E+01	3.42044448E+00	1.84590648E-03	-5.65521824E-01	
7.52201391E-01	3.90083905E+03	2.61342005E+01	3.39908726E+00	1.82176216E-03	-5.64200032E-01	
7.54135024E-01	3.91086667E+03	2.61407523E+01	3.37743360E+00	1.79544064E-03	-5.62884646E-01	
7.56069633E-01	3.92089935E+03	2.61472650E+01	3.35536298E+00	1.76637765E-03	-5.61575762E-01	
7.58005211E-01	3.93093706E+03	2.61537378E+01	3.33284585E+00	1.73421955E-03	-5.60274917E-01	
7.59941750E-01	3.94097976E+03	2.61601698E+01	3.30974884E+00	1.69901067E-03	-5.58983316E-01	
7.61879243E-01	3.95102739E+03	2.61665597E+01	3.28629203E+00	1.66093114E-03	-5.57700678E-01	
7.63817682E-01	3.96107994E+03	2.61729073E+01	3.26296298E+00	1.61997018E-03	-5.56426689E-01	
7.65757059E-01	3.97113735E+03	2.61792132E+01	3.24014573E+00	1.57604673E-03	-5.55161799E-01	
7.67697366E-01	3.98119958E+03	2.61854783E+01	3.21781240E+00	1.52912611E-03	-5.53906616E-01	
7.69638596E-01	3.99126660E+03	2.61917033E+01	3.19555410E+00	1.47942493E-03	-5.52661778E-01	
7.71580741E-01	4.00133837E+03	2.61978877E+01	3.17310082E+00	1.42748016E-03	-5.51427317E-01	
7.73523794E-01	4.01141483E+03	2.62040312E+01	3.15038240E+00	1.37360874E-03	-5.50203104E-01	
7.75467746E-01	4.02149597E+03	2.62101331E+01	3.12739808E+00	1.31761227E-03	-5.48989447E-01	
7.77412590E-01	4.03158173E+03	2.62161929E+01	3.10422477E+00	1.25916658E-03	-5.47786194E-01	
7.79358318E-01	4.04167208E+03	2.62222102E+01	3.08088177E+00	1.19838599E-03	-5.46592891E-01	
7.81304922E-01	4.05176697E+03	2.62281845E+01	3.05728732E+00	1.13555088E-03	-5.45409775E-01	
7.83252395E-01	4.06186636E+03	2.62341153E+01	3.03348953E+00	1.07084756E-03	-5.44236918E-01	
7.85200729E-01	4.07197022E+03	2.62400023E+01	3.00963370E+00	1.00470194E-03	-5.43073700E-01	
7.87149917E-01	4.08207851E+03	2.62458454E+01	2.98565468E+00	9.37670811E-04	-5.41920053E-01	
7.89099950E-01	4.09219118E+03	2.62516439E+01	2.96145632E+00	8.70031124E-04	-5.40776090E-01	
7.91050820E-01	4.10230819E+03	2.62573977E+01	2.93726634E+00	8.01684860E-04	-5.39641680E-01	
7.93002521E-01	4.11242951E+03	2.62631069E+01	2.91330131E+00	7.32552369E-04	-5.38516498E-01	
7.94955043E-01	4.12255509E+03	2.62687719E+01	2.88935772E+00	6.62897828E-04	-5.37399238E-01	
7.96908381E-01	4.13268490E+03	2.62743922E+01	2.86521400E+00	5.93409613E-04	-5.36288299E-01	
7.98862525E-01	4.14281889E+03	2.62799675E+01	2.84084310E+00	5.24927774E-04	-5.35183547E-01	
8.00817468E-01	4.15295702E+03	2.62854971E+01	2.81611889E+00	4.57553118E-04	-5.34086441E-01	
8.02773202E-01	4.16309926E+03	2.62909803E+01	2.79127093E+00	3.90897848E-04	-5.32998424E-01	
8.04729719E-01	4.17324555E+03	2.62964173E+01	2.76657044E+00	3.24608165E-04	-5.31919897E-01	
8.06687012E-01	4.18339588E+03	2.63018081E+01	2.74186482E+00	2.58316275E-04	-5.30850968E-01	
8.08645073E-01	4.19355018E+03	2.63071526E+01	2.71708906E+00	1.91713690E-04	-5.29792322E-01	
8.10603894E-01	4.20370842E+03	2.63124506E+01	2.69222492E+00	1.24635494E-04	-5.28744668E-01	
8.12563468E-01	4.21387057E+03	2.63177017E+01	2.66722280E+00	5.72108231E-05	-5.27708645E-01	
8.14523786E-01	4.22403658E+03	2.63229057E+01	2.64210677E+00	-1.04473866E-05	-5.26684809E-01	
8.16484841E-01	4.23420641E+03	2.63280624E+01	2.61703444E+00	-7.80610358E-05	-5.25673136E-01	
8.18446624E-01	4.24438001E+03	2.63331720E+01	2.59210729E+00	-1.45148710E-04	-5.24673385E-01	
8.20409129E-01	4.25455736E+03	2.63382347E+01	2.56739219E+00	-2.11424427E-04	-5.23685161E-01	
8.22372347E-01	4.26473841E+03	2.63432510E+01	2.54287283E+00	-2.76561746E-04	-5.22707508E-01	
8.24336271E-01	4.27492312E+03	2.63482209E+01	2.51827358E+00	-3.40581772E-04	-5.21739893E-01	
8.26300893E-01	4.28511144E+03	2.63531439E+01	2.49331843E+00	-4.03989231E-04	-5.20782552E-01	
8.28266204E-01	4.29530334E+03	2.63580191E+01	2.46790468E+00	-4.67372158E-04	-5.19835550E-01	
8.30232198E-01	4.30549879E+03	2.63628459E+01	2.44234283E+00	-5.31235804E-04	-5.18898768E-01	
8.32198866E-01	4.31569772E+03	2.63676241E+01	2.41685118E+00	-5.95989958E-04	-5.17971714E-01	
8.34166200E-01	4.32590012E+03	2.63723538E+01	2.39136093E+00	-6.62050983E-04	-5.17053174E-01	
8.36134194E-01	4.33610593E+03	2.63770349E+01	2.36589505E+00	-7.30148932E-04	-5.16142728E-01	
8.38102838E-01	4.34631512E+03	2.63816673E+01	2.34026125E+00	-8.01092239E-04	-5.15241455E-01	
8.40072125E-01	4.35652764E+03	2.63862505E+01	2.31442572E+00	-8.75086089E-04	-5.14350814E-01	
8.42042047E-01	4.36674345E+03	2.63907842E+01	2.28844709E+00	-9.51823693E-04	-5.13471532E-01	
8.44012597E-01	4.37696252E+03	2.63952679E+01	2.26218834E+00	-1.03063015E-03	-5.12603348E-01	
8.45983767E-01	4.38718480E+03	2.63997010E+01	2.23575385E+00	-1.11062790E-03	-5.11745629E-01	
8.47955548E-01	4.39741026E+03	2.64040833E+01	2.20921876E+00	-1.19135153E-03	-5.10897996E-01	
8.49927933E-01	4.40763885E+03	2.64084145E+01	2.18256100E+00	-1.27297718E-03	-5.10060091E-01	
8.51900915E-01	4.41787052E+03	2.64126942E+01	2.15571958E+00	-1.35592862E-03	-5.09231537E-01	
8.53874485E-01	4.42810525E+03	2.64169219E+01	2.12861430E+00	-1.44052520E-03	-5.08412303E-01	
8.55848635E-01	4.43834299E+03	2.64210973E+01	2.10147324E+00	-1.52695890E-03	-5.07603277E-01	
8.57823357E-01	4.44858370E+03	2.64252205E+01	2.07446139E+00	-1.61544699E-03	-5.06805484E-01	
8.59798645E-01	4.45882734E+03	2.64292915E+01	2.04754142E+00	-1.70649964E-03	-5.06019778E-01	
8.61774489E-01	4.46907386E+03	2.64333106E+01	2.02071117E+00	-1.80095361E-03	-5.05246607E-01	
8.63750883E-01	4.47932324E+03	2.64372778E+01	1.99388170E+00	-1.89931813E-03	-5.04486199E-01	
8.65727817E-01	4.48957542E+03	2.64411930E+01	1.96696106E+00	-2.00128729E-03	-5.03739256E-01	
8.67705285E-01	4.49983036E+03	2.64450559E+01	1.93997601E+00	-2.10607568E-03	-5.03006240E-01	
8.69683279E-01	4.51008803E+03	2.64488665E+01	1.91297950E+00	-2.21288839E-03	-5.02286249E-01	
8.71661790E-01	4.52034839E+03	2.64526246E+01	1.88590786E+00	-2.32092244E-03	-5.01577446E-01	
8.73640811E-01	4.53061139E+03	2.64563300E+01	1.85875216E+00	-2.42976314E-03	-5.00878491E-01	
8.75620333E-01	4.54087699E+03	2.64599825E+01	1.83159089E+00	-2.53933711E-03	-5.00189097E-01	
8.77600350E-01	4.55114515E+03	2.64635821E+01	1.80431675E+00	-2.64934309E-03	-4.99509892E-01	
8.79580853E-01	4.56141584E+03	2.64671284E+01	1.77679352E+00	-2.75955464E-03	-4.98841991E-01	
8.81561835E-01	4.57168900E+03	2.64706207E+01	1.74897278E+00	-2.87003004E-03	-4.98186084E-01	
8.83543286E-01	4.58196461E+03	2.64740584E+01	1.72089139E+00	-2.98094446E-03	-4.97541948E-01	
8.85525201E-01	4.59224261E+03	2.64774410E+01	1.69259502E+00	-3.09227794E-03	-4.96909161E-01	
8.87507570E-01	4.60252298E+03	2.64807682E+01	1.66412135E+00	-3.20367162E-03	-4.96287598E-01	
8.89490386E-01	4.61280565E+03	2.64840396E+01	1.63565900E+00	-3.31457358E-03	-4.95676761E-01	
8.91473641E-01	4.62309061E+03	2.64872554E+01	1.60727422E+00	-3.42430509E-03	-4.95075992E-01	
8.93457327E-01	4.63337780E+03	2.64904156E+01	1.57898823E+00	-3.53207483E-03	-4.94484967E-01	
8.95441436E-01	4.64366719E+03	2.64935206E+01	1.55096701E+00	-3.63692685E-03	-4.93903501E-01	
8.97425961E-01	4.65395873E+03	2.64965710E+01	1.52322620E+00	-3.73805396E-03	-4.93331602E-01	
8.99410893E-01	4.66425238E+03	2.64995670E+01	1.49550073E+00	-3.83538775E-03	-4.92769364E-01	
9.01396224E-01	4.67454811E+03	2.65025084E+01	1.46754272E+00	-3.92980181E-03	-4.92216942E-01	
9.03381947E-01	4.68484586E+03	2.65053946E+01	1.43943602E+00	-4.02238111E-03	-4.91674764E-01	
9.05368054E-01	4.69514561E+03	2.65082255E+01	1.41127453E+00	-4.11388790E-03	-4.91143729E-01	
9.07354537E-01	4.70544731E+03	2.65110010E+01	1.38301238E+00	-4.20478840E-03	-4.90624513E-01	
9.09341388E-01	4.71575091E+03	2.65137206E+01	1.35459369E+00	-4.29534712E-03	-4.90117196E-01	
9.11328599E-01	4.72605638E+03	2.65163840E+01	1.32587653E+00	-4.38584935E-03	-4.89622037E-01	
9.13316162E-01	4.73636368E+03	2.65189904E+01	1.29683052E+00	-4.47651642E-03	-4.89139753E-01	
9.15304070E-01	4.74667277E+03	2.65215394E+01	1.26765875E+00	-4.56705432E-03	-4.88670780E-01	
9.17292314E-01	4.75698359E+03	2.65240309E+01	1.23856409E+00	-4.65659525E-03	-4.88214580E-01	
9.19280886E-01	4.76729613E+03	2.65264650E+01	1.20948132E+00	-4.74415726E-03	-4.87770015E-01	
9.21269780E-01	4.77761032E+03	2.65288415E+01	1.18030452E+00	-4.82910649E-03	-4.87336417E-01	
9.23258985E-01	4.78792614E+03	2.65311602E+01	1.15101690E+00	-4.91116900E-03	-4.86913674E-01	
9.25248496E-01	4.79824354E+03	2.65334208E+01	1.12143087E+00	-4.99027015E-03	-4.86501589E-01	
9.27238304E-01	4.80856247E+03	2.65356225E+01	1.09148079E+00	-5.06654239E-03	-4.86099568E-01	
9.29228400E-01	4.81888291E+03	2.65377646E+01	1.06116374E+00	-5.14032659E-03	-4.85706777E-01	
9.31218778E-01	4.82920481E+03	2.65398461E+01	1.03037731E+00	-5.21219561E-03	-4.85322990E-01	
9.33209429E-01	4.83952812E+03	2.65418663E+01	9.99207335E-01	-5.28287761E-03	-4.84949291E-01	
9.35200345E-01	4.84985280E+03	2.65438246E+01	9.68107566E-01	-5.35287042E-03	-4.84587444E-01	
9.37191519E-01	4.86017883E+03	2.65457218E+01	9.37580567E-01	-5.42230089E-03	-4.84238399E-01	
9.39182942E-01	4.87050614E+03	2.65475590E+01	9.07694536E-01	-5.49117028E-03	-4.83901981E-01	
9.41174607E-01	4.88083471E+03	2.65493375E+01	8.78259497E-01	-5.55912412E-03	-4.83577489E-01	
9.43166505E-01	4.89116449E+03	2.65510578E+01	8.49046815E-01	-5.62546137E-03	-4.83264650E-01	
9.45158630E-01	4.90149544E+03	2.65527201E+01	8.19785824E-01	-5.68970883E-03	-4.82963517E-01	
9.47150972E-01	4.91182752E+03	2.65543239E+01	7.90187546E-01	-5.75174268E-03	-4.82673869E-01	
9.49143523E-01	4.92216069E+03	2.65558687E+01	7.60272956E-01	-5.81160226E-03	-4.82395368E-01	
9.51136277E-01	4.93249491E+03	2.65573538E+01	7.30301919E-01	-5.86913587E-03	-4.82127563E-01	
9.53129225E-01	4.94283013E+03	2.65587796E+01	7.00622175E-01	-5.92398496E-03	-4.81870019E-01	
9.55122360E-01	4.95316632E+03	2.65601469E+01	6.71489751E-01	-5.97612996E-03	-4.81622923E-01	
9.57115672E-01	4.96350343E+03	2.65614568E+01	6.42780171E-01	-6.02571350E-03	-4.81386508E-01	
9.59109155E-01	4.97384143E+03	2.65627097E+01	6.14218034E-01	-6.07287113E-03	-4.81160476E-01	
9.61102800E-01	4.98418027E+03	2.65639056E+01	5.85441949E-01	-6.11790573E-03	-4.80944919E-01	
9.63096600E-01	4.99451991E+03	2.65650437E+01	5.56129054E-01	-6.16132605E-03	-4.80740059E-01	
9.65090546E-01	5.00486031E+03	2.65661229E+01	5.26213963E-01	-6.20346833E-03	-4.80545727E-01	
9.67084631E-01	5.01520143E+03	2.65671420E+01	4.95933354E-01	-6.24419104E-03	-4.80361781E-01	
9.69078847E-01	5.02554323E+03	2.65681007E+01	4.65502022E-01	-6.28324158E-03	-4.80188458E-01	
9.71073185E-01	5.03588566E+03	2.65689987E+01	4.35029711E-01	-6.32043690E-03	-4.80026240E-01	
9.73067639E-01	5.04622869E+03	2.65698359E+01	4.04487456E-01	-6.35552036E-03	-4.79875501E-01	
9.75062199E-01	5.05657228E+03	2.65706121E+01	3.73906679E-01	-6.38823240E-03	-4.79736379E-01	
9.77056859E-01	5.06691638E+03	2.65713277E+01	3.43651485E-01	-6.41834673E-03	-4.79608974E-01	
9.79051610E-01	5.07726095E+03	2.65719835E+01	3.13939666E-01	-6.44555592E-03	-4.79493358E-01	
9.81046443E-01	5.08760595E+03	2.65725804E+01	2.84578779E-01	-6.46951265E-03	-4.79389487E-01	
9.83041353E-01	5.09795135E+03	2.65731189E+01	2.55198708E-01	-6.48993193E-03	-4.79297233E-01	
9.85036329E-01	5.10829709E+03	2.65735985E+01	2.25669812E-01	-6.50685299E-03	-4.79216162E-01	
9.87031365E-01	5.11864314E+03	2.65740192E+01	1.96029159E-01	-6.52080591E-03	-4.79145497E-01	
9.89026452E-01	5.12898946E+03	2.65743806E+01	1.66198215E-01	-6.53272654E-03	-4.79084466E-01	
9.91021583E-01	5.13933600E+03	2.65746821E+01	1.35985275E-01	-6.54353305E-03	-4.79032527E-01	
9.93016750E-01	5.14968273E+03	2.65749231E+01	1.05576728E-01	-6.55345288E-03	-4.78989467E-01	
9.95011945E-01	5.16002960E+03	2.65751035E+01	7.53280502E-02	-6.56189653E-03	-4.78955647E-01	
9.97007159E-01	5.17037658E+03	2.65752237E+01	4.51971072E-02	-6.56810985E-03	-4.78931948E-01	
9.99002385E-01	5.18072362E+03	2.65752839E+01	1.50691621E-02	-6.57148229E-03	-4.78919630E-01	
