4.720366374407575449e+00 1.057759279465110724e+00
9.426199326226821995e+00 9.982286885374306307e-01
1.410692909357521785e+01 8.975168780934212887e-01
1.873993248784643129e+01 7.539007444314648199e-01
2.334667033517081336e+01 5.725299935379480898e-01
2.787321366277086554e+01 3.566998071141803672e-01
3.234784902033092635e+01 1.184761986079223423e-01
3.676316098355962936e+01 -1.388693858832144024e-01
4.106924952651957028e+01 -4.077987923852320895e-01
4.532382953722876096e+01 -6.768052064631464582e-01
4.945975415514908491e+01 -9.427035010195988773e-01
5.350343049046077226e+01 -1.195392489980989126e+00
5.747656402142484922e+01 -1.432009513625451147e+00
6.128693190627542720e+01 -1.648409289565482938e+00
6.503073618366440201e+01 -1.833507832307811114e+00
6.864635298466298252e+01 -1.998073524170886461e+00
7.213591701234651055e+01 -2.130671640083506624e+00
7.555604086667871400e+01 -2.230934492526324586e+00
7.879016490688532315e+01 -2.311525858431479286e+00
8.194695189962364168e+01 -2.353704655016464198e+00
8.498773332115911217e+01 -2.373494060777526560e+00
8.788122313088693716e+01 -2.371233123693358369e+00
9.070468225355385528e+01 -2.339697966594237677e+00
9.336432314238010122e+01 -2.294920976673529900e+00
9.593179716873454765e+01 -2.226535665788928586e+00
9.840710433261746459e+01 -2.142193148626621024e+00
1.007278485308197276e+02 -2.048788573189622486e+00
1.029848395500778224e+02 -1.935468367386197430e+00
1.051104865684237950e+02 -1.816986207595822744e+00
1.071380234098409261e+02 -1.688442550562393007e+00
1.091001534666390995e+02 -1.547000734204101002e+00
1.109122871892667632e+02 -1.407189511827975803e+00
1.126704227585441203e+02 -1.259447032244494169e+00
1.143309065958916193e+02 -1.112466743451394846e+00
1.158950558648619307e+02 -9.762533496699508095e-01
1.174093356949441613e+02 -8.518214076365928644e-01
1.188034507908561466e+02 -7.543058254320087475e-01
1.201455734548291332e+02 -6.838859083543256112e-01
1.214197060154965726e+02 -6.336650462362559688e-01
1.226046993746373630e+02 -6.014717386250373332e-01
1.237502163012872529e+02 -5.773485942337712729e-01
1.248097750673914845e+02 -5.589258099699665472e-01
1.258185509074394588e+02 -5.446631263456478411e-01
1.267828916871887799e+02 -5.319448991248196812e-01
1.276683295927708315e+02 -5.217927840091270975e-01
1.285235252034503333e+02 -5.126633604062328375e-01
1.293196637146978105e+02 -5.049447828472783950e-01
1.300690491079118658e+02 -4.978868094839444258e-01
1.316860693263569715e+02 -4.853149038724183795e-01
1.325807717462393214e+02 -4.795176079543090331e-01
1.334754741661216713e+02 -4.742999883713728271e-01
1.343701765860041633e+02 -4.696817190014941357e-01
1.352648790058860868e+02 -4.656362111307859042e-01
1.370542838456504171e+02 -4.595420142919370288e-01
1.388436886854153443e+02 -4.566195493051388166e-01
1.397383911052976657e+02 -4.564348226010985221e-01
1.424224983649443743e+02 -4.601348344428676795e-01
1.451066056245911682e+02 -4.676186797656778360e-01
1.460013080444735465e+02 -4.705812744387505853e-01
1.468960104643556406e+02 -4.738013597753844564e-01
1.504748201438848980e+02 -4.911924918410959240e-01
1.522642249836494557e+02 -5.038203256376302397e-01
1.540536298234142123e+02 -5.190786997574567962e-01
1.585271419228253080e+02 -5.606789167713895905e-01
1.594218443427074590e+02 -5.680568797795807479e-01
1.630006540222367732e+02 -5.894516477602207427e-01
1.782105951602355276e+02 -5.623163135467217355e-01
1.799999999999998863e+02 -5.782591299477145563e-01
1.799999999999999147e+02 -5.095884343284506901e-01
1.799999999999999432e+02 -5.896628798618585021e-01
1.799999999999999432e+02 -5.778415855257820199e-01
1.799999999999999716e+02 -5.639647272086477647e-01
1.799999999999999716e+02 -5.842690168716523358e-01
1.799999999999999716e+02 -5.253752838639169642e-01
1.799999999999999716e+02 -5.614980819628777597e-01
1.800000000000000000e+02 -4.618898046948268221e-01
1.800000000000000000e+02 -4.643778822454915911e-01
1.800000000000000000e+02 -4.579759529025494436e-01
1.800000000000000000e+02 -4.567913390787882166e-01
1.800000000000000000e+02 -4.576827558925016248e-01
1.800000000000000000e+02 -4.623428016915320238e-01
1.800000000000000000e+02 -4.921704010525871364e-01
1.800000000000000000e+02 -5.611782498206865366e-01
1.800000000000000000e+02 -4.807374460099559377e-01
1.800000000000000000e+02 -5.923154341891424535e-01
1.800000000000000000e+02 -5.934138759655346318e-01
1.800000000000000000e+02 -5.936219629132392095e-01
1.800000000000000000e+02 -5.930021139281260734e-01
1.800000000000000000e+02 -5.504286516427681075e-01
1.800000000000000000e+02 -5.421577501945830102e-01
1.800000000000000000e+02 -5.832271666628353612e-01
1.800000000000000000e+02 -5.337376798965800528e-01
1.800000000000000000e+02 -4.767994208967267777e-01
1.800000000000000000e+02 -5.745710169949546087e-01
1.800000000000000000e+02 -5.714351678719972183e-01
1.800000000000000000e+02 -5.685513701710173118e-01
1.800000000000000000e+02 -4.960504916738325831e-01
1.800000000000000000e+02 -5.660293530619991964e-01
1.800000000000000000e+02 -4.852008541075106818e-01
1.800000000000000284e+02 -5.723888675411464844e-01
1.800000000000000284e+02 -5.811142576163397244e-01
1.800000000000000284e+02 -5.871639043718140938e-01
1.800000000000000568e+02 -5.916468787703969001e-01
1.800000000000000853e+02 -5.902692097365186408e-01
1.817894048397645577e+02 -5.625538763400381725e-01
1.969993459777632268e+02 -5.850251285180259053e-01
2.005781556572925410e+02 -5.633494741106486181e-01
2.014728580771746635e+02 -5.559908760192956434e-01
2.059463701765860435e+02 -5.154521170762058624e-01
2.077357750163506296e+02 -5.011640625367129731e-01
2.095251798561150451e+02 -4.893819702984441578e-01
2.131039895356443878e+02 -4.727494126602198588e-01
2.139986919555264819e+02 -4.695602683846609171e-01
2.148933943754087750e+02 -4.666116255088632592e-01
2.175775016350557394e+02 -4.593030893959894612e-01
2.202616088947023059e+02 -4.561468417446220558e-01
2.211563113145846557e+02 -4.565235858146015069e-01
2.229457161543489860e+02 -4.597100637404995527e-01
2.247351209941138563e+02 -4.658885605876223468e-01
2.256298234139961494e+02 -4.699355650553491692e-01
2.265245258338783287e+02 -4.745685864407546695e-01
2.274192282537606502e+02 -4.798065276374496868e-01
2.283139306736430001e+02 -4.856948973998906349e-01
2.298727102692705273e+02 -4.981140173817217853e-01
2.305586805206431507e+02 -5.047468140392402658e-01
2.312906262308324017e+02 -5.120191341634837690e-01
2.320703390795811742e+02 -5.204568137999971977e-01
2.328763238545377021e+02 -5.297624830788615347e-01
2.337603096190320286e+02 -5.413000379453660749e-01
2.346723104125254054e+02 -5.537915519952144594e-01
2.356464367518327663e+02 -5.700113724432194218e-01
2.366786864232758774e+02 -5.891292443983269234e-01
2.377476455676467140e+02 -6.145542992799136739e-01
2.389124355518191010e+02 -6.511509130388272171e-01
2.401123012227513129e+02 -7.017592395440354069e-01
2.413940085507433650e+02 -7.769682864486968654e-01
2.427444450808455088e+02 -8.731026376200237138e-01
2.441445193680271757e+02 -9.903738082890347627e-01
2.456588737760190213e+02 -1.125466406157688004e+00
2.472158811783892247e+02 -1.261740928665428418e+00
2.488771469660854336e+02 -1.403596100770258426e+00
2.506166442014783797e+02 -1.541532759591637269e+00
2.524205673349745211e+02 -1.671176806827485262e+00
2.543554252766464288e+02 -1.800327571777964097e+00
2.563401657749722062e+02 -1.914547758756726115e+00
2.584519263036916641e+02 -2.024230068174079022e+00
2.606483124546887211e+02 -2.122182714497634848e+00
2.629240351265709137e+02 -2.203458400293236252e+00
2.653418946498661626e+02 -2.279128369630371242e+00
2.678151172534305147e+02 -2.329917683312238808e+00
2.704340910229806241e+02 -2.368665165211858881e+00
2.731385303709140544e+02 -2.388443707587093012e+00
2.759341330024564627e+02 -2.381626066636995720e+00
2.788730851228671668e+02 -2.359389019466271442e+00
2.818692668309589067e+02 -2.305083507084753958e+00
2.850195220839306103e+02 -2.230405451180792920e+00
2.882482828657374512e+02 -2.128727177660000525e+00
2.915723717897009237e+02 -1.997815833887658821e+00
2.950268036027530343e+02 -1.848307670625479959e+00
2.985347679487860546e+02 -1.666977666283953718e+00
3.021875469601176860e+02 -1.466986920952815465e+00
3.059030888015964820e+02 -1.247908463980007987e+00
3.097055330232798269e+02 -1.010432316289136878e+00
3.136091477397470726e+02 -7.648387738758125609e-01
3.175557263908151526e+02 -5.106371799888902441e-01
3.216150309024985745e+02 -2.572472742950234759e-01
3.257139209979627594e+02 -9.964607672946606751e-03
3.298754882677465048e+02 2.264839370530138674e-01
3.340951926430628305e+02 4.443397949539908409e-01
3.383406105052367252e+02 6.371349327688777819e-01
3.426439321325209448e+02 8.036664070048099573e-01
3.469601843307090121e+02 9.258269087368312666e-01
3.512999466578130523e+02 1.021339787348054085e+00
3.556479994166008964e+02 1.046381514419376213e+00
3.600000000000000000e+02 1.061893676331745029e+00
