t,u,tke,sdr
4000.0,1.0901344867136435,0.030745106520578946,41.42880739018323
4000.3999999999905,0.9999980782384708,0.030491992012451643,41.378744178210006
4000.799999999981,0.9999919953465799,0.030378840293257065,41.36043519834862
4001.1999999999716,0.9999898746920486,0.030275904992757053,41.334494985401136
4001.599999999962,0.999989060391228,0.03015617094522478,41.31393596435117
4001.9999999999527,0.9999887674084276,0.030029497749175457,41.298964856857594
4002.3999999999432,0.9999887189544633,0.029905467866377048,41.28784410710354
4002.799999999934,0.9999887806804811,0.029789902934150327,41.2791302235047
4003.1999999999243,0.9999888928044741,0.02968502007122952,41.272036223299
4003.599999999915,0.999989021532046,0.029591502606441875,41.26608344306758
4003.9999999999054,0.9999891411706185,0.02951149436771868,41.261018219377206
4004.399999999896,0.9999892410350165,0.02944581911694514,41.25673985266819
4004.7999999998865,0.9999893252790871,0.029391254812924657,41.2531953683246
4005.199999999877,0.9999894052145322,0.029342070952399203,41.2502758155582
4005.5999999998676,0.999989488468943,0.029294212823921462,41.247823266434395
4005.999999999858,0.9999895783179195,0.02924698068511373,41.24567241063426
4006.3999999998487,0.9999896777245144,0.029201387304839815,41.24369691751981
4006.799999999839,0.9999897888392854,0.029158039869726836,41.241826750775765
4007.1999999998297,0.9999899119156993,0.02911594964608283,41.24004038419005
4007.5999999998203,0.9999900316115341,0.0290723664765301,41.238332637547494
4007.999999999811,0.999990097836117,0.02902300948699084,41.23667497548655
4008.3999999998014,0.9999900587328906,0.028962164640512895,41.234989476398994
4008.799999999792,0.9999899043644959,0.028883020330358156,41.233138781968826
4009.1999999997824,0.9999896483703664,0.02877805731161543,41.23096383628951
4009.599999999773,0.999989302858298,0.028638563427052528,41.22835680646042
4009.9999999997635,0.9999888763250614,0.02845388889569508,41.225291900172664
4010.399999999754,0.9999883797577234,0.028211920156291204,41.22179233237441
4010.7999999997446,0.9999878240644647,0.027901369245168353,41.21792424651658
4011.199999999735,0.9999872177451722,0.027515637358065254,41.213851849099825
4011.5999999997257,0.9999865636952215,0.02705593645046846,41.20985726598032
4011.9999999997162,0.9999858648204266,0.0265318262278227,41.20623034031064
4012.399999999707,0.9999851223643031,0.025959685026550296,41.20312265857987
4012.7999999996973,0.9999843420992607,0.025360454002716505,41.20053343482717
4013.199999999688,0.9999835447032278,0.02475686262599923,41.198409755285624
4013.5999999996784,0.9999827611979658,0.02417014792276183,41.19672434343447
4013.999999999669,0.999982025973566,0.023617474888661984,41.19550471932135
4014.3999999996595,0.9999813839972824,0.023109632189806367,41.19484632451464
4014.79999999965,0.9999808694179716,0.022651619678398956,41.19478421891417
4015.1999999996406,0.9999804939061363,0.0222432308569409,41.19526651404878
4015.599999999631,0.9999802486385835,0.021879064115624448,41.196173676266746
4015.9999999996217,0.999980108524499,0.021551098999388344,41.197367021890884
4016.399999999612,0.9999800376411806,0.021251323856727546,41.198684566032995
4016.7999999996027,0.99998001376282,0.02097317942133652,41.199976121965854
4017.1999999995933,0.9999800363435309,0.020713291340193302,41.201084918527066
4017.599999999584,0.9999801178047882,0.020471270293131717,41.20193360674177
4017.9999999995744,0.9999802845171721,0.020246377894594225,41.20249105303405
4018.399999999565,0.9999805662536962,0.020032297935597746,41.20266250615496
4018.7999999995554,0.9999809758136533,0.019808605196308136,41.202196344923976
4019.199999999546,0.9999814814204655,0.01953180438515655,41.200342275526864
4019.5999999995365,0.9999819421447581,0.01913782430571039,41.19577840884306
4019.999999999527,0.9999820661981645,0.01857196550458705,41.18688354947194
4020.3999999995176,0.9999814457393552,0.017832156402963952,41.17224247749983
4020.799999999508,0.999979714235916,0.016982834425095465,41.151120098220666
4021.1999999994987,0.9999768566745023,0.016120530736172766,41.124593895080366
4021.5999999994892,0.9999734885035497,0.015327718350560956,41.096405840278166
4021.9999999994798,0.9999706321389181,0.014655875290904874,41.07221827930987
4022.3999999994703,0.9999688571583644,0.014132928882029456,41.05767442695503
4022.799999999461,0.9999682165826553,0.013775133355241281,41.055476027948835
4023.1999999994514,0.9999687617727685,0.013592303976971365,41.06635774706136
4023.599999999442,0.9999706044037168,0.013572976239448002,41.08962138926614
4023.9999999994325,0.9999737095002891,0.01363679609928,41.121100132530046
4024.399999999423,0.9999775061441546,0.013575129890412199,41.150604233095244
4024.7999999994136,0.999980095918095,0.013140542242879989,41.16050847004785
4025.199999999404,0.9999794788357499,0.012306820180561218,41.12253629240653
4025.5999999993946,0.9999811029796348,0.011287811594833474,41.03486621643405
4025.999999999385,0.9999925308815599,0.010367304858168785,40.97075778285089
4026.3999999993757,1.0000052645410602,0.009766635066583346,40.961747456633695
4026.7999999993663,1.0000086994488921,0.009457691938423418,40.975163476380196
4027.199999999357,1.0000026500292196,0.009308514378744488,40.98944167590295
4027.5999999993473,0.9999904495844056,0.009245449726946457,40.9979282990099
4027.999999999338,0.9999761949607949,0.009238821294183516,41.00109673298194
4028.3999999993284,0.9999632991112244,0.009264702291643216,41.00282656825139
4028.799999999319,0.9999535567336169,0.009302925210033341,41.00702671916232
4029.1999999993095,0.9999473450510127,0.009327951911191363,41.01472601072974
4029.5999999993,0.9999442306225442,0.009271318570040125,41.02039784926254
4029.9999999992906,0.9999450675233142,0.009003602392479325,41.008157170979054
4030.399999999281,0.9999583378128525,0.008384805907866371,40.97058284769661
4030.7999999992717,0.9999851430882516,0.007615862857818203,40.95777583019798
4031.199999999262,1.0000010113207867,0.00717027500399327,41.00199818693877
4031.5999999992528,0.9999746792902026,0.006984694907425694,41.058763425719405
4031.9999999992433,0.9998884774347966,0.006926388666784111,41.094504123936304
4032.399999999234,0.9997462811890468,0.006896493360347522,41.1144300376817
4032.7999999992244,0.9995616319012818,0.006817060598460166,41.139272840855156
4033.199999999215,0.9993202415828243,0.006538999811169656,41.19029126142117
4033.5999999992055,0.9990907794258076,0.005909236666213902,41.285475861565125
4033.999999999196,0.9989983356521999,0.005132478447680821,41.36117517892554
4034.3999999991865,0.9991548670222905,0.004650706357711423,41.39479472213559
4034.799999999177,0.9993286866557988,0.004492677043431101,41.44165260404702
4035.1999999991676,0.9993419306098515,0.004486234911301667,41.47940768704077
4035.599999999158,0.9993084336880438,0.0045397464617517565,41.64594779638989
4035.9999999991487,0.9995645543561116,0.005032030459580892,43.10578777533221
4036.3999999991393,1.0000934617094777,0.005766336401888215,43.911020396564105
4036.79999999913,1.000486314623968,0.0064262095462139365,43.501772540004566
4037.1999999991203,1.000367101455101,0.00689336601127988,42.31251014042563
4037.599999999111,1.000281033454274,0.007374964788366104,41.585113496289125
4037.9999999991014,1.0002100102823512,0.0075452403461487546,41.438720047658194
4038.399999999092,1.0001559037480572,0.007580727144315017,41.41905663342563
4038.7999999990825,1.0001102128190065,0.007553669127563113,41.4150822244027
4039.199999999073,1.0000693347084209,0.007483406106364263,41.409882818370235
4039.5999999990636,1.0000345506613506,0.007310321060429373,41.400772209379376
4039.999999999054,1.0000065260445747,0.006994467651490062,41.39399132929453
4040.3999999990447,0.9999823343057027,0.006653166212101336,41.3933157197412
4040.799999999035,0.9999549390366392,0.0064472534055640875,41.39561950253212
4041.1999999990257,0.9999132152529837,0.006294446391724402,41.386545109881226
4041.5999999990163,0.9998494085330496,0.006021371312603991,41.32673876097288
4041.999999999007,0.9997741778483865,0.005739187671674709,41.238898649309455
4042.3999999989974,0.999687042638472,0.005804414713897047,41.27903782810518
4042.799999998988,0.999550535360751,0.005873869893412096,41.49635019843297
4043.1999999989785,0.9994038978541715,0.005001296427581282,41.76742024276168
4043.599999998969,0.9995598331436625,0.004489855446056845,41.828166897646575
4043.9999999989595,0.999931647934181,0.005061370360727647,41.91761256469199
4044.39999999895,1.0001405434004835,0.005750142403489019,42.022368080545085
4044.7999999989406,1.000223879638096,0.006106371486143383,42.05086078301223
4045.199999998931,1.000165976668677,0.00626937301174819,41.980905990950916
4045.5999999989217,1.0001074886912433,0.006088915245657569,41.876625919459
4045.9999999989122,1.0002532899009946,0.005760926664005455,41.734871143166686
4046.399999998903,1.0004284750286598,0.005439502172583694,41.741799753953345
4046.7999999988933,1.0003510044942068,0.0051693527774863334,41.83060064711093
4047.199999998884,0.9998007423686622,0.004965084453645306,41.89409620696588
4047.5999999988744,0.9990848987276194,0.004841881868532899,41.88589181834898
4047.999999998865,0.9984536151693708,0.004815968705991046,41.84333763671036
4048.3999999988555,0.9976569041012829,0.004803057695216422,41.835403207886735
4048.799999998846,0.9963988356199607,0.004777155380739513,41.91079302244122
4049.1999999988366,0.9945172304468302,0.00469166200265662,42.1564984789406
4049.599999998827,0.9927424896256731,0.004518078457732145,42.452423497680286
4049.9999999988177,0.9929500556011986,0.004326656884169224,42.52769358912712
4050.399999998808,0.9936124847101431,0.003933347350514073,42.52779051640518
4050.7999999987987,0.9949915006349316,0.0037922539502469885,42.50956083763184
4051.1999999987893,0.9967937811789384,0.003708610578589953,42.51864171650739
4051.59999999878,0.9982979217536253,0.003576841468642384,42.44375575600147
4051.9999999987704,0.9992988645025042,0.003608204509592398,42.32741484136174
4052.399999998761,1.0001393611856444,0.003947893641535835,42.358315786369495
4052.7999999987514,1.0001997506815559,0.004766181862938757,42.76194552136856
4053.199999998742,1.0002361857152406,0.004967620737933735,43.09617457890405
4053.5999999987325,0.9985310641056492,0.005064579567554759,43.0702197951681
4053.999999998723,0.9974683046842344,0.005151708052618734,42.81278953030573
4054.3999999987136,0.9967108114675698,0.005093740806933208,42.63958174218218
4054.799999998704,0.9962152857618911,0.005117068041919413,42.75745983344462
4055.1999999986947,0.9965926483536888,0.005182893818149192,43.0364086277772
4055.5999999986852,0.9976146742820956,0.0052547462562387145,43.46162081185757
4055.999999998676,0.9984859299186641,0.004891713605887228,43.710621363776134
4056.3999999986663,1.0002248014029749,0.004359045091366328,43.84023318036973
4056.799999998657,0.9999775120030199,0.004072539562630227,43.6709543403574
4057.1999999986474,0.9995054094896462,0.003968004820296323,43.659821841297415
4057.599999998638,1.0012272100141857,0.003879767572629236,43.56113353107236
4057.9999999986285,1.0026042343803772,0.003829157205633155,43.70773198226409
4058.399999998619,1.0033179443788065,0.00396816215497341,44.163571360523484
4058.7999999986096,1.001966851095203,0.003774369645626944,44.38725009102402
4059.1999999986,1.0007715367173708,0.0036066311546210593,44.38240068094515
4059.5999999985906,0.9985006522041777,0.003366719585849106,43.99828060800101
4059.999999998581,0.9963282851928539,0.0034900775841913575,43.88222550475409
4060.3999999985717,0.9961350090404405,0.003732754872992267,43.976074609115
4060.7999999985623,0.9976192060448839,0.0037441390593946668,44.26880011957372
4061.199999998553,0.9990253662533006,0.0037662131713441693,44.096609099779826
4061.5999999985434,1.0007472934894737,0.003849641558542614,43.807129784134595
4061.999999998534,1.0005400115862553,0.003931074159149674,43.88217455006504
4062.3999999985244,1.000034715862498,0.0037922245309073895,44.19952166999129
4062.799999998515,0.9995473319356397,0.0035147609872212783,44.1666680338437
4063.1999999985055,0.9995568790705931,0.003575973151275767,44.69358716747307
4063.599999998496,0.9973945515527645,0.003415811662845637,44.812230228413306
4063.9999999984866,0.9944365909415281,0.0033044013326764426,44.80065845806986
4064.399999998477,0.9942959699593317,0.003331240831807249,44.891963238712705
4064.7999999984677,0.9976703069730434,0.0037564708925126354,45.014208335796646
4065.199999998458,0.999646358256234,0.004435252283994457,45.49147230225143
4065.5999999984488,0.9962666453616036,0.0044982741416047705,45.402692687077476
4065.9999999984393,0.9939135165462909,0.004103015192492281,44.978503080787846
4066.39999999843,0.9940039325377846,0.0035800943715283418,44.97136656950335
4066.7999999984204,0.994247624284881,0.003238537770030656,44.8141712639101
4067.199999998411,0.9942896309960643,0.0033622005512651673,44.921385164934215
4067.5999999984015,0.9938515707745441,0.0033370533958781714,44.82782199832794
4067.999999998392,0.9942626510111021,0.0034092252144643123,44.586430636010384
4068.3999999983826,0.9966892364377781,0.003425185045348333,44.53671122551343
4068.799999998373,1.000446743416795,0.0037377789737735594,44.63369988549098
4069.1999999983636,1.00136795122051,0.003228561371351823,44.72571168712981
4069.599999998354,1.0011155650537027,0.0036194877167510854,45.44878511523462
4069.9999999983447,1.0000456439135916,0.003268588017642994,45.04048930023117
4070.3999999983353,0.9974161465463428,0.0029413386817265554,44.98489783745624
4070.799999998326,0.9965104966332832,0.0027746671766559166,44.94783582919259
4071.1999999983163,0.9971999021496969,0.002797906254530957,44.95678954780322
4071.599999998307,0.9971166322721472,0.002540825736800674,44.573038233123036
4071.9999999982974,0.9970396052057957,0.0026428005890462864,44.9323420834767
4072.399999998288,0.9960374728574783,0.0031553017476852476,45.7898429366809
4072.7999999982785,0.9957791618233421,0.004011823802017774,46.627208910146976
4073.199999998269,0.9969257168691362,0.0036834640165866734,46.045714244436226
4073.5999999982596,0.999288369112372,0.0034203854488740063,45.50652980132388
4073.99999999825,1.000679346855066,0.0028925221352987395,45.052771332077505
4074.3999999982407,1.0002138760354307,0.002763497317346197,45.09424660970505
4074.799999998231,1.0009832680393373,0.0027980210066849026,45.290068793882924
4075.1999999982218,1.0004314196868447,0.0023649301701981523,44.86522851247818
4075.5999999982123,0.9983648300001031,0.001995530466986677,44.47148787828148
4075.999999998203,0.9965270319516182,0.0019085442611662898,44.439479938682865
4076.3999999981934,0.9969532022816314,0.0018912537748175214,44.52335322617225
4076.799999998184,0.9983182245259353,0.0019718272210992624,44.55341507893229
4077.1999999981745,1.0002464344583202,0.0020205201354100157,44.49143734237199
4077.599999998165,1.0032902683557123,0.002002547290786728,44.57641530708983
4077.9999999981555,1.0038956475246903,0.0017983277602727852,44.288842785044544
4078.399999998146,1.0031001223625664,0.0018349578020663156,44.19561162335538
4078.7999999981366,1.0024408165367489,0.0018854403058882817,44.26534962102342
4079.199999998127,1.0006851239481445,0.0019281663026154308,44.330063002097056
4079.5999999981177,1.0000388231966544,0.002038812179908145,44.317497003433445
4079.9999999981083,0.9985864511012279,0.002175836706943476,44.47986475786589
4080.399999998099,0.9979120207299899,0.002442133910261744,44.9301771340694
4080.7999999980893,0.9979353063336208,0.0025603644120883247,45.045024048761945
4081.19999999808,0.9982671814418635,0.00260275298424513,45.19299531095509
4081.5999999980704,0.999451796921687,0.002471207461305555,45.149276869835816
4081.999999998061,1.0011120392862953,0.002424967457177469,44.966198652000365
4082.3999999980515,1.0012932956968508,0.002342828598709654,44.7859253934939
4082.799999998042,1.0018497720553485,0.002322608643378148,44.6782893837319
4083.1999999980326,1.0016212166043865,0.0023588722585470194,44.64847293585224
4083.599999998023,1.0011176268995097,0.002173899864864115,44.44507355840162
4083.9999999980137,0.999643956919783,0.001989518596678108,44.30463117950462
4084.399999998004,0.9989932968008725,0.0018149529587953698,44.104791429938366
4084.7999999979947,0.9987003906183973,0.0015563290170147574,43.83201951555664
4085.1999999979853,0.9985349403408738,0.0013352527361009704,43.71861888889636
4085.599999997976,0.9990292580469338,0.0012929541013098837,43.759823431584486
4085.9999999979664,1.0002784832928837,0.0012700162206083884,43.587376224636756
4086.399999997957,1.0015206785603228,0.001268861598327906,43.43312263860566
4086.7999999979475,1.0024666024872837,0.0013570442739140815,43.445886352622345
4087.199999997938,1.0025088399449296,0.0014685818591168133,43.44432777278939
4087.5999999979285,1.0027092546719865,0.0016875675661508877,43.58367874448906
4087.999999997919,1.002867256384176,0.0017952540131911659,43.68407914298308
4088.3999999979096,1.0021374721238108,0.002050249774280109,43.93811593589789
4088.7999999979,1.0021594775345006,0.002415864607023263,44.23834194663997
4089.1999999978907,1.0007560736556098,0.002735897616080494,44.40710884210243
4089.5999999978812,1.001440389764212,0.003037968806283266,44.69935034646915
4089.999999997872,1.0032867396942764,0.0033778324945360192,45.130864809465365
4090.3999999978623,1.0058568521697322,0.0035663758822790793,45.321021285270135
4090.799999997853,1.0066386957754223,0.003718834739721194,45.640788628527105
4091.1999999978434,1.0071179711544633,0.003520903043984291,45.6326866244465
4091.599999997834,1.0063158091478623,0.00282902487690918,44.8662379274856
4091.9999999978245,1.0037646943073781,0.0024488025578894746,44.64422003620499
4092.399999997815,1.0034095815579531,0.0023824931846429835,44.60516599316109
4092.7999999978056,1.0032851383410706,0.0021704111675982345,44.36619159978714
4093.199999997796,1.0022272772809455,0.0019372484807157033,44.17823583705866
4093.5999999977867,1.0002454281038469,0.0015399538600791034,43.789436764299296
4093.999999997777,0.9991742755464036,0.0013783751495232725,43.6247599345688
4094.3999999977677,0.9989278679376241,0.0014157232852524087,43.50306346672817
4094.7999999977583,0.9984783667588613,0.0015823841099123798,43.412453399071026
4095.199999997749,0.9975519873591177,0.002105313425576537,43.56895619460757
4095.5999999977394,0.9954944440404129,0.0023915696602453203,43.75851406221487
4095.99999999773,0.9953149453984904,0.0022804161885776383,43.92012019572845
4096.39999999772,0.9957643319176709,0.0021007876408573626,43.984085290775674
4096.799999997711,0.9964923110714747,0.0020865329197870155,43.88029730372629
4097.1999999977015,0.9964158745935883,0.0021672749735747506,43.85006240037632
4097.599999997692,0.9957317218486793,0.002129297837741407,43.81734301204064
4097.999999997683,0.9966778640159307,0.0022424626294142956,43.969054587849726
4098.399999997673,0.9979317572671397,0.0026063831174277896,44.43811521178442
4098.799999997664,0.9985397940872777,0.0029194705621372794,44.85392641879353
4099.199999997654,0.9984143750948627,0.0029100669282330453,44.938210399334665
4099.599999997645,0.9987284827280469,0.0028646966842283557,44.77681540552421
4099.999999997635,0.9993948026815047,0.0024978551285835754,44.56791819343658
4100.399999997626,0.9999585627568514,0.0024576477898386874,44.60562117640429
4100.799999997616,1.001222358871034,0.002282450243055559,44.21838420670422
4101.199999997607,1.002057678563179,0.0024403991688975047,44.15046620465582
4101.5999999975975,1.002016584370252,0.002778202506137977,44.3184386867864
4101.999999997588,1.0027349231790943,0.0029856467842376984,44.35929676850743
4102.399999997579,1.003978725906849,0.0031616029160004633,44.80150676473228
4102.799999997569,1.0050502737600429,0.003072107639627367,45.07836621294564
4103.19999999756,1.0039948566874441,0.0030278012892156203,45.23654458304718
4103.59999999755,1.0032045889559587,0.003024539959077027,45.11645325748701
4103.999999997541,1.0023141710781795,0.0024638605597146796,44.66547865285345
4104.399999997531,1.0019281273360698,0.0021169855396516563,44.20175824801303
4104.799999997522,1.0009742524995933,0.002175120775521535,44.2299742200486
4105.199999997512,1.0005771905877978,0.0022187408428731258,44.32739877137296
4105.599999997503,1.000697062086182,0.002402768345892753,44.463631483690314
4105.999999997493,1.0003692888461657,0.0024408952620034847,44.522308547985716
4106.399999997484,1.0009772034971531,0.002221557008806239,44.36326202855302
4106.7999999974745,1.0016800493122728,0.0021160545627426693,44.33481394812745
4107.199999997465,1.0013232353439943,0.002119614716297406,44.37446377242799
4107.599999997456,1.000291868197296,0.002199151368510472,44.416280240620594
4107.999999997446,0.9986030370940712,0.0023159173120334735,44.547795514479944
4108.399999997437,0.9991922610813113,0.0024132845915229256,44.62186767451062
4108.799999997427,1.0013553970861546,0.002737317956552987,44.946911709307294
4109.199999997418,1.0011801114716927,0.0028212679315642677,45.0650773969545
4109.599999997408,0.9997676414536286,0.002732832896641755,45.044508099430935
4109.999999997399,0.9997629853306151,0.002882915591857181,44.76326339946918
4110.399999997389,1.0008909517941607,0.0023181077730380075,44.27788341366981
4110.79999999738,0.9996875724145585,0.0020144945828429297,44.03483102510299
4111.1999999973705,0.9991405904919466,0.001976794856637097,44.09001065241778
4111.599999997361,1.000637880512422,0.0019729010144845325,44.06072387281034
4111.999999997352,1.0018652240992107,0.002031956533412432,43.77973315741234
4112.399999997342,1.0019859835843634,0.0020057390949315282,43.58184606975779
4112.799999997333,1.0002280131207542,0.001964633595781929,43.478230294610455
4113.199999997323,0.9982410907186435,0.0018842637853649855,43.62660300643994
4113.599999997314,0.9980635854581036,0.00204856206528701,43.968444024870834
4113.999999997304,0.9984125488470793,0.002138279872100395,44.224478111164366
4114.399999997295,0.9980264013565512,0.00225922242212543,44.38745458442751
4114.799999997285,0.9978896903316674,0.002219405593807071,44.39865323277888
4115.199999997276,0.9979824655334134,0.002087641119737643,44.30794391724607
4115.599999997266,0.9992024486917163,0.0018807561305219918,44.06098174158945
4115.999999997257,0.9990666542361467,0.0018226598675920064,44.01265653549435
4116.3999999972475,0.998235271844568,0.002025514718787603,44.17217072108915
4116.799999997238,0.9977118072354211,0.00236231995816866,44.46359077941883
4117.199999997229,0.9992792936671976,0.002580870588488763,44.56139562795954
4117.599999997219,1.0001764281762981,0.002478849018082686,44.466880071979936
4117.99999999721,0.9990739684764202,0.0023695111093715642,44.52712076784577
4118.3999999972,0.9986147662997277,0.002309980993513267,44.26188262300873
4118.799999997191,0.9994914120775955,0.002358808007203152,44.269192174613146
4119.199999997181,0.9990666708512982,0.0025826386618681965,44.59181719709337
4119.599999997172,0.9970468536328819,0.002709109820959313,44.77073567214139
4119.999999997162,0.9948047589294327,0.002627182293924831,44.86765852334963
4120.399999997153,0.9951608744610109,0.0029695167148129846,45.20348047071385
4120.7999999971435,0.9942880072230901,0.0028697110738185863,45.09194239378217
4121.199999997134,0.9933974125835242,0.002849460489144226,45.08305530340943
4121.5999999971245,0.993591596844216,0.002817487879542612,45.01889705898199
4121.999999997115,0.9929134136165575,0.0027356874732588888,45.07217482376238
4122.399999997106,0.9961522101842214,0.003043435649533435,45.442887146230504
4122.799999997096,0.9965137435746853,0.0029001615295879152,45.27995651096492
4123.199999997087,0.9966208960436461,0.0023809053401480642,44.728212806143915
4123.599999997077,0.9969127488684704,0.0019423252238070826,44.118078485475245
4123.999999997068,0.9970636168820276,0.0017406944707040193,43.860746597087584
4124.399999997058,0.9976528408414123,0.001736048464647444,43.855040732150535
4124.799999997049,0.9987551969855946,0.0018127550758775526,43.89948539981472
4125.199999997039,1.0009017643433653,0.0018797016299688955,43.93796483875097
4125.59999999703,1.001789717603781,0.002128985741868834,44.331703250577284
4125.9999999970205,1.0001826683183173,0.0024163111525118126,44.57184831839284
4126.399999997011,0.9980943070176937,0.002461206195572608,44.421155544825844
4126.799999997002,0.9976146075321408,0.0027035953484423145,44.52594330806971
4127.199999996992,0.9974894844697604,0.0028580264865057468,44.70862809597281
4127.599999996983,0.9973164334505056,0.0029460561747733562,45.11658195250484
4127.999999996973,0.9974019580994798,0.003083326520340223,45.46390178055952
4128.399999996964,0.9975483103730752,0.002657771236458032,45.037310653003416
4128.799999996954,0.99697943781598,0.002212730138225496,44.64570565676771
4129.199999996945,0.9973567768805831,0.0022874351291495287,44.70091049790519
4129.599999996935,0.9978548703820548,0.0024242363279440393,44.923577344015705
4129.999999996926,0.9971600030008562,0.0023874958668924627,44.97345437447899
4130.399999996916,0.997099152239373,0.0025661315013588235,45.004573724795264
4130.799999996907,0.9963202226815723,0.0023435702672073497,44.77838089027255
4131.1999999968975,0.9974350671639596,0.002393049803060631,44.84409843420934
4131.599999996888,0.9974857220414567,0.00222146774187807,44.70360476462145
4131.999999996879,0.9960694693935321,0.0020332029654665028,44.41558325607418
4132.399999996869,0.9955148322410371,0.0020579979412530193,44.14967583218499
4132.79999999686,0.9956653803348267,0.00215804195235533,44.07964248367948
4133.19999999685,0.9953572128315958,0.002287393665344871,44.287799892597164
4133.599999996841,0.9963336445116148,0.0026253943349841867,44.33173599501403
4133.999999996831,0.9978933010827887,0.002952839751956156,44.41357325831738
4134.399999996822,0.9991890640001087,0.0032308756337079423,44.63096131193622
4134.799999996812,0.9994696837960992,0.0029359388356335887,44.57027901850703
4135.199999996803,0.9986859764398618,0.0026489398378153166,44.410762658315655
4135.5999999967935,0.9990404312582583,0.0024893503159762525,44.51517905036041
4135.999999996784,0.9998637417367174,0.002312385838841183,44.47099064538614
4136.399999996775,0.9997223958055993,0.0023003032264983345,44.50006050472234
4136.799999996765,0.9984465197321138,0.002153987691958517,44.41946967543635
4137.199999996756,0.9982117162983963,0.002071126592589544,44.228969078252675
4137.599999996746,0.997329458085034,0.0018581194305420947,43.869340074111605
4137.999999996737,0.996711043357874,0.0018099073215516385,43.80316646218808
4138.399999996727,0.9967877951382133,0.0019697534705383213,44.0490798712479
4138.799999996718,0.9966490514204696,0.0020975156079489567,44.12779904910585
4139.199999996708,0.9960159703035877,0.0023204007207355097,44.718010459273664
4139.599999996699,0.9958616328510798,0.0023894270377183076,44.65085011057137
4139.999999996689,0.9957175640245031,0.0022322108971014193,44.352252229511066
4140.39999999668,0.995243418514259,0.002685137414316847,44.88834341624077
4140.7999999966705,0.9968878057177236,0.0029048003971899046,45.06033597357983
4141.199999996661,0.9983937828724885,0.002542797762270417,44.7971006217533
4141.599999996652,0.9993595276750807,0.002690220361760222,45.03976767331182
4141.999999996642,0.9994272620364002,0.0029392945648361985,45.536338867305666
4142.399999996633,0.9979143198623641,0.0026565817411825644,45.12191803970803
4142.799999996623,0.9980210670303394,0.0025192247388340382,44.816408693613226
4143.199999996614,1.0001113212307635,0.0023983136072035743,44.74289159452219
4143.599999996604,1.0001459112124984,0.0023229829006340295,44.61360929805015
4143.999999996595,0.9976458517095884,0.0020548544377536936,44.163941047533584
4144.399999996585,0.9981620738324057,0.0020840718447507627,43.96503406573744
4144.799999996576,0.998559486428058,0.0019338816053418436,43.90321681043069
4145.1999999965665,0.998928356386296,0.0019355939808454597,43.87938716305924
4145.599999996557,0.9986685131203727,0.0020312751688937487,44.02517376304837
4145.999999996548,0.9980933649864654,0.002149694494889022,44.148007820761144
4146.399999996538,0.9980086683542545,0.0020695212584214157,44.06067138653535
4146.799999996529,0.9972615929474034,0.0021080387757026293,44.20059913113061
4147.199999996519,0.9965546780453874,0.0023437979611006968,44.41164206309163
4147.59999999651,0.9970383117783033,0.002286142823247326,44.25109645574695
4147.9999999965,0.9964609674078331,0.002443874373855136,44.295644168374956
4148.399999996491,0.9965178008709367,0.002695991996055484,44.65841334206963
4148.799999996481,0.9971779571900463,0.002658633111121084,44.59154916445784
4149.199999996472,0.997656559021717,0.00241614673770626,44.44745421217691
4149.599999996462,0.9973214771571824,0.002326025203832476,44.56368829724839
4149.999999996453,0.9967989344871643,0.0022594305737659464,44.50581384954573
4150.3999999964435,0.9960016744178841,0.0019866171591116514,44.37618266103154
4150.799999996434,0.9966357049638783,0.0018912894945749743,44.33909377154124
4151.199999996425,0.9966523964322614,0.0017031810334807082,44.05513472669979
4151.599999996415,0.9959917659016937,0.001696294122957222,44.026078107709274
4151.999999996406,0.9959380623990239,0.001777460819563743,43.96809536629204
4152.399999996396,0.9963738250764494,0.0020085910171580594,43.90973424117203
4152.799999996387,0.9975600357945359,0.0021339408105443608,43.92543609026629
4153.199999996377,0.9962471369657881,0.002080989378922095,43.83601046261186
4153.599999996368,0.9952017824553918,0.0021368252602558652,43.97034660303876
4153.999999996358,0.9946856603861851,0.0023081056848861256,44.15601176831682
4154.399999996349,0.9966884818792617,0.002464183168789199,44.325017499442765
4154.7999999963395,0.9996146309124949,0.002404785861407784,44.40484276483707
4155.19999999633,1.0008896774189755,0.0025368892701422693,44.6178489361322
4155.599999996321,1.0011387951066997,0.002615121332250897,44.551214705988706
4155.999999996311,1.0015190481324667,0.0026302049650016894,44.67122510652544
4156.399999996302,1.0017630020529846,0.002741188987805479,44.92191406296491
4156.799999996292,1.0016266430790117,0.002596077289046016,44.653680788355736
4157.199999996283,1.0008517275848965,0.002328701403957425,44.343445816383536
4157.599999996273,1.0001312406379452,0.0023205061209848345,44.37837775865437
4157.999999996264,0.9990116248526403,0.002396831069018071,44.44342151500879
4158.399999996254,0.9975087548633571,0.002738784342563658,44.68626772645734
4158.799999996245,0.9980489197492589,0.002407887290171859,44.60303527748641
4159.199999996235,0.9986851623946746,0.0021958091001013347,44.55792096722056
4159.599999996226,0.9982074037104413,0.0023180980305611593,44.76912178273933
4159.9999999962165,0.9967936640321894,0.0022010043415221616,44.34897386270596
4160.399999996207,0.9962436662482558,0.002112040026844102,44.46214243811578
4160.799999996198,0.9975941701782388,0.0020856925255742613,44.38548042396892
4161.199999996188,0.9971168672779933,0.0019951071492543744,44.24481137963966
4161.599999996179,0.9962182947046102,0.001796999099747162,44.02938733695171
4161.999999996169,0.994885704081316,0.001674733555503869,43.843502662971495
4162.39999999616,0.9936387522529537,0.0018980105963345227,44.18216817115361
4162.79999999615,0.9956557509935412,0.0021724816849901084,44.62256848389018
4163.199999996141,0.9966733554156849,0.002378984036800259,44.63745446206953
4163.599999996131,0.9984897231288267,0.0022983273218012542,44.17030270653518
4163.999999996122,0.999860318142572,0.0018793385907113994,43.84561291244551
4164.3999999961125,1.0009407448702272,0.0017657907526516148,43.80153905415825
4164.799999996103,1.0009978267917965,0.001839991120624749,44.01005573184902
4165.1999999960935,0.9995030157184354,0.001940096778634453,44.11016806185385
4165.599999996084,0.9996202241000459,0.0018657697669152622,43.94922631958517
4165.999999996075,0.9989388816934722,0.0017931383072915168,43.77429446958142
4166.399999996065,0.9996062472671666,0.0019164797449214169,43.744893052852994
4166.799999996056,1.000329980180154,0.002082646359791966,43.88517256495466
4167.199999996046,0.9996360070242265,0.002059594921537031,43.79677369674956
4167.599999996037,0.9976708573785231,0.0021628801263188003,43.72473835977679
4167.999999996027,0.9975409799116238,0.002528194005097366,44.00762321400919
4168.399999996018,0.9970772193909275,0.002548297155909151,44.131146007455314
4168.799999996008,0.9975136035022018,0.0025543085202745686,44.10162560903776
4169.199999995999,0.9976341066198651,0.0026473549927256957,44.160106818604
4169.5999999959895,0.9962705058008017,0.002745709408220443,44.26558237977645
4169.99999999598,0.9956022654701904,0.0024656236721929065,44.22525735638121
4170.399999995971,0.9957067885648229,0.0023811842501570003,44.16205960495344
4170.799999995961,0.995527988394161,0.0025464486707554787,44.32557871942176
4171.199999995952,0.9941325864268258,0.0029984521757761883,44.81533125502842
4171.599999995942,0.996433340183149,0.003817170972915612,45.272200227236425
4171.999999995933,0.9976359488073709,0.0032419253890134865,45.07007827590952
4172.399999995923,0.9981607479452733,0.0032189023342661972,45.17872462029803
4172.799999995914,0.9983158223562428,0.0029738847359358288,45.054984004189514
4173.199999995904,0.9958835879483943,0.0024419267591484282,44.56883037940419
4173.599999995895,0.9961951794344628,0.002260282349906269,44.31560564754216
4173.999999995885,0.9975835924577215,0.00192778633505435,44.05986399154375
4174.399999995876,0.998351395693556,0.002018172465542873,44.012237199243806
4174.7999999958665,0.9978349793227393,0.00217666255838346,43.9028548662005
4175.199999995857,0.9977537300218201,0.0021287606358001117,43.81070613014302
4175.599999995848,0.9998771466597182,0.0021252854861545465,43.86104158246301
4175.999999995838,1.0004503882354387,0.0021049601541201558,43.951969024130456
4176.399999995829,1.0009559782271455,0.001788768380051481,43.69663227922222
4176.799999995819,0.9999974874458628,0.0016181179000228022,43.67847306236035
4177.19999999581,0.999151262858321,0.0017621922564538582,43.67161756098325
4177.5999999958,1.0003130437831207,0.0020354045207637878,43.92493192424986
4177.999999995791,1.00045437926146,0.001990543862237587,43.887506727992616
4178.399999995781,0.998911295595962,0.0020159740138703044,43.98812071772805
4178.799999995772,0.9975495316813825,0.0020027602709759085,43.850692560638834
4179.1999999957625,0.9968437737656679,0.002172452813378505,44.015509979156974
4179.599999995753,0.9976072472873903,0.0023320450772468713,44.13814631093767
4179.999999995744,0.998484074690185,0.0023743517217960494,44.30644452410098
4180.399999995734,0.9990543203347982,0.00260587957999254,44.94099394866566
4180.799999995725,0.9981308552856367,0.002340365999214747,44.443347521005315
4181.199999995715,0.9965612750787481,0.002177416544510631,44.26993868373397
4181.599999995706,0.995625698495725,0.001991437465564771,44.186432864286495
4181.999999995696,0.9964929173164758,0.0020191490744533623,44.25457626883264
4182.399999995687,0.9973027444523868,0.001977242974756855,44.0472459749537
4182.799999995677,0.9975240034668422,0.001991561157409083,43.89969295100098
4183.199999995668,0.997952913451375,0.0020078359193909574,43.92921335025542
4183.599999995658,0.9984147906330755,0.0022470723679965028,44.30976134028353
4183.999999995649,0.999325008895109,0.002113240631412771,44.130971847771626
4184.3999999956395,1.000075444903485,0.002166867921767172,44.138947789184776
4184.79999999563,0.9996432112049751,0.0024376815907196695,44.37561413160946
4185.199999995621,0.9984047600279607,0.0023779079739078175,44.365107177350055
4185.599999995611,0.997819502068833,0.002217239354502033,44.20936118487975
4185.999999995602,0.9975997753098751,0.0020094577160662147,43.99786410615791
4186.399999995592,0.9985684254427576,0.002304017524578572,44.18916003923097
4186.799999995583,1.0006552082738243,0.0026851215336664894,44.62153553132574
4187.199999995573,1.0032318636186761,0.0030614316239743083,44.86532203901661
4187.599999995564,1.004933092635898,0.003168963443669085,45.10796080416841
4187.999999995554,1.0034163202367812,0.002731411183402018,44.827516564000646
4188.399999995545,1.0016696690674272,0.002535073008300627,44.618285886679104
4188.7999999955355,0.9994283911631227,0.0022221532880600694,44.28777074483763
4189.199999995526,0.996439372832802,0.002176483225344091,44.11348585747564
4189.599999995517,0.9948825841462874,0.0023888618743590534,44.28045644621572
4189.999999995507,0.9966868311675536,0.002544783213312694,44.53039605063409
4190.399999995498,0.9992926874688615,0.0022586316019164525,44.26588314263691
4190.799999995488,0.9998883915172637,0.002147507225308077,44.25206148081947
4191.199999995479,0.9996271974125683,0.002093744858421908,44.08105359145452
4191.599999995469,0.9982533976996145,0.0021228008679363307,44.07928639942678
4191.99999999546,0.9984115144800222,0.0022290147930493277,44.063699120333936
4192.39999999545,0.9995552326000324,0.002287667824853573,44.05614257039648
4192.799999995441,1.0010532459046333,0.002259535205549851,44.091518221614656
4193.199999995431,1.0031344674908822,0.0024487789500102874,44.24539313231412
4193.599999995422,1.0052440682453274,0.0024942607220155098,44.44511393521703
4193.9999999954125,1.0036688937725067,0.0025317882893866562,44.60919961241198
4194.399999995403,1.003817823729508,0.0025123816106060915,44.407233083912885
4194.799999995394,1.0036649683767376,0.002233868549627755,44.02035030024116
4195.199999995384,1.0019368826928188,0.002182613309851194,43.955079881931596
4195.599999995375,1.0019817448061124,0.0024271086306715014,44.20968135491809
4195.999999995365,1.0028595131392624,0.0024709292891968524,44.48260387254499
4196.399999995356,1.0018449638444114,0.0025902284157525656,44.563579172580496
4196.799999995346,1.0005072117985567,0.002705779862836945,44.56477409970566
4197.199999995337,0.9991367326351795,0.0025886125099912286,44.24112833272201
4197.599999995327,0.9975452572571946,0.002085305929589607,43.965408661418955
4197.999999995318,0.9977262403782022,0.0019014472999819725,43.91977710713146
4198.3999999953085,0.9980331901840557,0.001921172359558491,43.86580014323815
4198.799999995299,0.9995325655856931,0.0020659611806974525,44.03371608897638
4199.1999999952895,1.0002086338607168,0.0019427341924857142,44.131534425030296
4199.59999999528,1.0002340888718118,0.0018043346128100944,43.888999900444425
4199.999999995271,1.0005551720350363,0.001571948528724393,43.45772747993363
4200.399999995261,1.0007148047032288,0.0016175708278835619,43.41717338096651
4200.799999995252,1.000775251422268,0.0016588476123290054,43.487826514327914
4201.199999995242,1.0004377978444927,0.0017227916098962236,43.697711814362
4201.599999995233,1.0003436498394995,0.001970638597092088,43.9542367385002
4201.999999995223,1.0010192582845332,0.0021664687598291405,44.01684580535721
4202.399999995214,1.0018754821627072,0.002242777280501631,43.915097206790996
4202.799999995204,1.0017019458493532,0.0026673886429730204,44.17367372385956
4203.199999995195,0.9997862280179435,0.0031270414878675854,44.46830437638791
4203.5999999951855,0.9991878790016142,0.002969496652252657,44.4349380152425
4203.999999995176,1.0001792240951697,0.002468003883127513,44.15651176448529
4204.399999995167,1.001310154828423,0.0021546507874435927,43.949901988971256
4204.799999995157,1.0020549523248659,0.0019170216970882232,43.81041268812551
4205.199999995148,1.0009680378960562,0.001750831122399921,43.68286987410158
4205.599999995138,1.000395022387305,0.0016999844909223745,43.705931959223676
4205.999999995129,1.000654672988014,0.0017146899414078208,43.61104006123256
4206.399999995119,0.999788050871198,0.0017942917238787674,43.64976474596635
4206.79999999511,0.9984550955135921,0.0018619083071952415,43.63302428686279
4207.1999999951,0.9992541232251054,0.0021224838773976074,43.85211335030485
4207.599999995091,1.0004947687165406,0.002502626189433337,44.25567501122121
4207.999999995081,0.9996196626352439,0.002329090680576094,44.198377179460586
4208.399999995072,1.0004401051249079,0.0019293014782262633,43.80528079204848
4208.7999999950625,1.0016973172727435,0.0018837145537766837,43.83354455855522
4209.199999995053,1.001792856659891,0.0023085450484366704,44.38681514688567
4209.599999995044,1.0013687169716916,0.002502387582241268,44.500731854792726
4209.999999995034,1.0005272110023937,0.002449166907350456,44.47749114107376
4210.399999995025,0.9994727326861222,0.0023547005447814313,44.14337968161213
4210.799999995015,0.9988317583259777,0.0024655127383387426,44.276919192346526
4211.199999995006,0.9977853032678836,0.0023884232496995603,44.27627131133065
4211.599999994996,0.9980866286932351,0.0022001399588900666,44.12667746036588
4211.999999994987,0.9978553637640349,0.001976352297321355,43.98952408764462
4212.399999994977,0.997281264765805,0.002022672620653161,44.00821733927619
4212.799999994968,0.9974745449232872,0.0020469535157676424,43.9012925254653
4213.1999999949585,0.9975673944654857,0.0019313642200093216,43.87858726770241
4213.599999994949,0.9970153936347658,0.0020580158619297384,44.127687226206746
4213.99999999494,0.996953676081957,0.0020527170633587956,43.998832982464066
4214.39999999493,0.9978171181139732,0.0021283730263058427,43.93620333021239
4214.799999994921,0.9983215406557423,0.002010584286743964,43.75009221621357
4215.199999994911,0.9978252697107912,0.0020437981162435624,43.88551889703955
4215.599999994902,0.9982355915351737,0.0018943397418668348,43.83650067706798
4215.999999994892,0.9999517277729414,0.001960953716879234,43.89156017220056
4216.399999994883,1.0023149859361988,0.002020405120031453,43.82088455655651
4216.799999994873,1.0027757632017318,0.002303099300984071,44.048061154554084
4217.199999994864,1.0025027218479006,0.0021728880921969887,43.856278403139875
4217.599999994854,1.002790524680184,0.0020612270912027165,43.76608937406384
4217.999999994845,1.0025228354394522,0.002202789434186746,43.9295503445785
4218.3999999948355,1.0020016844596642,0.0023122387377992404,44.06242087638877
4218.799999994826,1.00072419702276,0.0024081425206193587,44.23412886021076
4219.199999994817,1.0003733327277455,0.0025232595045845594,44.426311975636345
4219.599999994807,1.0013933027792248,0.002421132577413267,44.33025066519845
4219.999999994798,1.0007670180632238,0.0021613477880495957,43.979718353273284
4220.399999994788,1.0008745338891571,0.0021079668334806068,43.89636377552474
4220.799999994779,0.9998434402542612,0.002009664816586858,43.91903639689498
4221.199999994769,0.9999091183377913,0.0020866951957777807,44.26198140932507
4221.59999999476,1.0004193491632696,0.0024064166483849393,44.46999352402155
4221.99999999475,1.000011040224642,0.0025420581355694236,44.305203049687634
4222.399999994741,0.999295049146874,0.00284549528781553,44.523096547966645
4222.7999999947315,0.9985561821844477,0.0036237113391253996,45.1288586071588
4223.199999994722,0.9986564560122337,0.003497163447280617,45.20470061363608
4223.599999994713,0.9976856574290467,0.0025107804399401973,44.40770860239756
4223.999999994703,0.9970780646201461,0.002136154603413662,44.130363546549894
4224.399999994694,0.9973463042796537,0.002118739017848295,44.08760796859553
4224.799999994684,0.9976495511592635,0.00236043415400562,44.212745450690484
4225.199999994675,0.9972607579191974,0.002803622184430614,44.73403355728398
4225.599999994665,0.9966836416305374,0.003361936113862107,45.33346893717395
4225.999999994656,0.9984550102492977,0.003025294945993028,45.06183711694339
4226.399999994646,1.0002244541215202,0.0027234942723665424,44.816067831072345
4226.799999994637,1.0013537379727409,0.00256675248222724,44.64257820276302
4227.199999994627,1.0019231239589033,0.0026182778713868334,44.85428049449557
4227.599999994618,1.0021256063670612,0.0025564437384282975,44.78291858691199
4227.9999999946085,1.0029800752836262,0.002316437423072559,44.548057927485495
4228.399999994599,1.0048739153928519,0.002332650057158505,44.46142701468566
4228.79999999459,1.0049201031684911,0.002202763981195669,44.31345526885894
4229.19999999458,1.0030817373317693,0.0019140655986266502,43.8822970724665
4229.599999994571,1.0019755995670074,0.0019908491218474664,43.76672470177315
4229.999999994561,1.0006791993813837,0.0022184150216283363,44.00052826454856
4230.399999994552,0.9995495891289249,0.002403225815707889,44.13989742191383
4230.799999994542,1.0003097346083751,0.002530938346567237,44.33698891343
4231.199999994533,1.0001645887027222,0.002497207439444334,44.31585937289353
4231.599999994523,0.9990635060981615,0.002038476738331203,44.05854949106817
4231.999999994514,0.9985954971976271,0.002244566763952417,44.35127465381043
4232.3999999945045,0.9994178347634587,0.002294610786032674,44.3825475086127
4232.799999994495,0.999816205154926,0.0020215797908885048,44.04774263541912
4233.199999994486,1.0000119209740526,0.0019421165166485777,43.80733481839444
4233.599999994476,1.0000458299639299,0.00203786691569222,43.82139208715073
4233.999999994467,0.9989539141000926,0.002127909288523352,43.93809218394268
4234.399999994457,0.9971143121769795,0.0024667039685315065,44.36206733036205
4234.799999994448,0.9957466532748394,0.0027926954241071725,44.66759125803605
4235.199999994438,0.9950404728488852,0.00312181651895007,44.97111668450736
4235.599999994429,0.9962866806263961,0.0033985405232502025,45.09838845172636
4235.999999994419,0.9982527715787036,0.0036755116456060953,45.162929314137735
4236.39999999441,0.9978283117220896,0.0039002706579948244,45.47473318610171
4236.7999999944,0.996066970696322,0.003754205743555608,45.42917073055255
4237.199999994391,0.9960953120009419,0.002877309367673088,44.87322701305229
4237.5999999943815,0.9977757588156256,0.0023378629991373055,44.56645541243031
4237.999999994372,0.9985156779856205,0.002335556241313898,44.57438927101615
4238.399999994363,0.9989365697082285,0.0022674394789997253,44.642667783480235
4238.799999994353,0.998895283617655,0.002103416694668523,44.30459072470755
4239.199999994344,0.9988749912788385,0.001976969535881012,44.24630451656064
4239.599999994334,0.9990734018159763,0.0019777524118971893,44.39299479006044
4239.999999994325,1.0001567766414003,0.0019561516384306293,44.19457209550952
4240.399999994315,1.0005743095034316,0.002043122805098843,44.13325112187851
4240.799999994306,0.998264175176052,0.0020767052169156958,44.012758086488354
4241.199999994296,0.9973755398191044,0.0018147522882062572,43.6569914648565
4241.599999994287,0.9972575728049323,0.0016453954404186144,43.46674960622127
4241.9999999942775,0.9969202611260284,0.0017277692266719216,43.52884402079541
4242.399999994268,0.996399342041662,0.002009530482777769,43.742592666724605
4242.7999999942585,0.995341199049825,0.002553890188644813,44.22049063263045
4243.199999994249,0.995777224548693,0.002497157531716649,44.45240082778113
4243.59999999424,0.9980471266694728,0.0022000665901483656,44.30961309847339
4243.99999999423,0.9987017295804187,0.00223968025323871,44.56601945656703
4244.399999994221,0.9974502009371335,0.00211796971576086,44.36693799049464
4244.799999994211,0.9967262775751208,0.0020492805768929775,44.13083727974645
4245.199999994202,0.9970595655250798,0.0021478225529343604,44.03929843364807
4245.599999994192,0.9973784820538478,0.0022171184449889824,44.228685747980876
4245.999999994183,0.9966353225510938,0.002471082834925588,44.509115433676676
4246.399999994173,0.9973814095338085,0.0026363004250694717,44.77201246186281
4246.799999994164,0.9981118017103677,0.0027021868041725602,44.732222485863446
4247.1999999941545,0.9976859088171997,0.0022588355254192735,44.315602260126035
4247.599999994145,0.997119202164992,0.0018807960532540198,43.88980631497647
4247.999999994136,0.9962940274423624,0.001808205275823545,43.73671318027963
4248.399999994126,0.9960527551261452,0.0021031962146953937,44.027867699064686
4248.799999994117,0.9963699729470421,0.002453518533800246,44.57628010568519
4249.199999994107,0.9980897542236457,0.0028584484288596496,45.259353976316255
4249.599999994098,0.9983333783280025,0.0026031556756412138,45.019908698415584
4249.999999994088,0.9963249004307121,0.002181319108350909,44.476869843194756
4250.399999994079,0.9945996549012903,0.002177325598337215,44.3734391784295
4250.799999994069,0.9972001001799349,0.002057755179950635,44.1023941342201
4251.19999999406,0.9977284155124133,0.0019609138421352815,44.020441684000716
4251.59999999405,0.9973084665371686,0.0020594816108602896,44.067767077318074
4251.999999994041,0.9962915019263024,0.0021235171609219014,44.11583813435852
4252.3999999940315,0.9971242352296976,0.0024321517083769327,44.33164264534352
4252.799999994022,0.9964488719404702,0.0025453246836320944,44.277630729041384
4253.199999994013,0.9972220298667457,0.002647468631236447,44.18350611863925
4253.599999994003,0.9967856964292328,0.0025926107000668196,44.249758661079376
4253.999999993994,0.997058361176572,0.0027195856038772395,44.59423146259399
4254.399999993984,0.9971977211036274,0.002535623853815875,44.49980638973046
4254.799999993975,0.9961720426045234,0.0023512061524793583,44.077925736848776
4255.199999993965,0.9962499346202041,0.002280663247476427,44.10215700708211
4255.599999993956,0.9972288161250571,0.002377379858097051,44.42349604805484
4255.999999993946,0.9973187578735084,0.002415112000816478,44.700458980488904
4256.399999993937,0.9964682241503405,0.002364877542859004,44.37715442214416
4256.7999999939275,0.9958547459130601,0.0024001036425676157,44.35217262472889
4257.199999993918,0.9974513160375701,0.0023077971039590687,44.25821484759916
4257.599999993909,0.9996393782911527,0.002596894927416231,44.50195043679248
4257.999999993899,1.0016350937991143,0.002745820317484114,44.602475532372374
4258.39999999389,1.0018156386224155,0.0025279877818060632,44.31234749608055
4258.79999999388,1.00218842045315,0.0022107546731517393,44.075567518607784
4259.199999993871,1.0008652731495862,0.0022298893948964086,44.11139730314534
4259.599999993861,0.9991975640071832,0.0022734332503406645,44.30957499116539
4259.999999993852,0.9984212151059477,0.0024252951163460947,44.645766156888556
4260.399999993842,0.9985581499581738,0.002473627176739169,44.76852166136058
4260.799999993833,0.9989682213328894,0.0026340104715300914,44.86291898460082
4261.199999993823,0.9975415613244378,0.002339695628891387,44.675589413285564
4261.599999993814,0.9982596781918045,0.0021376700736163968,44.5254313383025
4261.9999999938045,0.9991470987105939,0.0023650205103149325,44.580148146789924
4262.399999993795,0.9995713126166539,0.002512166029989642,44.40989824188696
4262.799999993786,1.000426975922585,0.002668667080214126,44.31050036798836
4263.199999993776,1.000679439470363,0.0024266610980896116,44.2464622040851
4263.599999993767,0.9993516152338611,0.0024810820706981773,44.53118155986526
4263.999999993757,0.997164528301834,0.002609064270538685,44.516294476611314
4264.399999993748,0.9972476294572725,0.0027484462026365814,44.63871517967536
4264.799999993738,0.9976726699934866,0.0027200991674699317,44.702096760485695
4265.199999993729,0.9982019821943532,0.0026938569844309453,44.704901743542834
4265.599999993719,0.9987118388432527,0.002729112032990942,44.62013072894507
4265.99999999371,0.998424665488045,0.0027898616805615037,44.49252101715368
4266.3999999937005,0.9983915013756625,0.002682443240321853,44.640626700004304
4266.799999993691,0.9978054623769365,0.002363380594636253,44.34730614028969
4267.199999993682,0.9977117013290058,0.002015031573661342,44.07344638193315
4267.599999993672,0.9980017253135254,0.0020245713032826886,44.26219066605954
4267.999999993663,0.9977565314068603,0.0021733219628409972,44.47675231535553
4268.399999993653,0.9985540666548549,0.0022107964630929725,44.52374631087962
4268.799999993644,0.9990285040459854,0.0021445492530204084,44.42606219390338
4269.199999993634,0.9987390015454486,0.002069719903456867,44.165827648320764
4269.599999993625,0.9988439098041137,0.002221036505654451,44.261281735613025
4269.999999993615,0.9992973248910558,0.002512060244550105,44.41554486250384
4270.399999993606,1.0000285915499063,0.002407375916098615,44.522276854983495
4270.799999993596,1.001777293551277,0.0022568240055463786,44.61010638598058
4271.199999993587,1.0025475639905135,0.002303311453926772,44.49626537574346
4271.5999999935775,1.0009708509726865,0.001977492124720139,44.083134462053145
4271.999999993568,1.000783678252494,0.0018953756202439282,43.9531001039186
4272.399999993559,0.9998649324845841,0.0017737389631552567,43.80470147353206
4272.799999993549,0.9992688930410294,0.0016982910768105395,43.6616455812897
4273.19999999354,0.9983366619449816,0.0018437148747868725,43.804810051640985
4273.59999999353,0.9975683296312524,0.0019426026208060581,43.9622981491814
4273.999999993521,0.9978086430300075,0.0020791479443749276,44.13420674690487
4274.399999993511,0.9977883796322937,0.002234023217785828,44.38349891472124
4274.799999993502,0.9971728297947087,0.002409503592290629,44.631350188280386
4275.199999993492,0.9962555675500706,0.002700266967465166,44.99670553672106
4275.599999993483,0.9951097026032916,0.0031067997773381218,45.27798371498849
4275.9999999934735,0.9943307205503481,0.003278700327528103,45.50666009992262
4276.399999993464,0.9952440839991004,0.00343252449109376,45.5296448644197
4276.799999993455,0.9959854037851833,0.003179849578372599,44.98745411300024
4277.199999993445,0.9968469480303307,0.002749286191057838,44.44908331006614
4277.599999993436,0.9975139654982226,0.0027118771137242172,44.478179410852555
4277.999999993426,0.9985757993494371,0.002915531332826012,44.72100903122342
4278.399999993417,0.9995186959321631,0.0031197839137263985,44.95041093366629
4278.799999993407,0.9987719093726651,0.0030726432324333173,45.09323946372005
4279.199999993398,0.9981445482770516,0.002429896373162286,44.50927871123441
4279.599999993388,0.9977505005296636,0.002248771632522192,44.23326153643474
4279.999999993379,0.9976089360976794,0.0022153650799047304,44.09246509711314
4280.399999993369,0.9980003793906096,0.002434158423273657,44.410246324736086
4280.79999999336,0.9967870072182434,0.0027754698363515588,44.910618440010616
4281.1999999933505,0.9970752278777426,0.0029346304053189626,45.17182433004789
4281.599999993341,0.9978629649263588,0.0024014117836549716,44.61501436740079
4281.999999993332,0.9989014503575886,0.00213407017562433,44.45893238679645
4282.399999993322,0.9983966391611322,0.002151609800890322,44.51023590083545
4282.799999993313,0.9983096509969872,0.002226123406755317,44.51380357947438
4283.199999993303,0.9985575871093596,0.0021302900179785383,44.63855934085062
4283.599999993294,0.9986057811937799,0.002042275440386398,44.43383918901386
4283.999999993284,0.9980827205368755,0.0021878320388127107,44.402482426765665
4284.399999993275,0.9980869890660764,0.0019899107337540936,44.27561063634354
4284.799999993265,0.9984898240119434,0.0019827159069084246,44.31765640358389
4285.199999993256,0.9985997221059904,0.0020639092577438498,44.30741073693551
4285.5999999932465,0.999742463024244,0.00219829899303948,44.41451755823236
4285.999999993237,1.0003387565831676,0.0024927470457968303,44.58981076491735
4286.3999999932275,1.0002343936923468,0.002446294832596626,44.627847766834535
4286.799999993218,1.000013871074702,0.002184822479201303,44.257654361827115
4287.199999993209,0.9980218784973348,0.0023332785933419635,44.19031242899657
4287.599999993199,0.998210798664955,0.002579047383284182,44.50290229785371
4287.99999999319,0.9992776274840679,0.002833342772507587,44.95347398453996
4288.39999999318,1.00104705024908,0.0029467592762511797,44.97635833081817
4288.799999993171,1.0018242688559236,0.00292516385572307,44.96951387498879
4289.199999993161,1.0006220799253223,0.002979173932770332,45.262801813178974
4289.599999993152,1.000272112687754,0.003154975477567546,45.48589426549531
4289.999999993142,1.0012517792687357,0.0031103463086193926,45.52999445074423
4290.399999993133,1.0016220994037721,0.0033492651943167404,45.48141529068655
4290.7999999931235,1.0015101592373599,0.0035117798599643923,45.45656475375378
4291.199999993114,1.0012961314656423,0.0028381933219521764,44.80634711210598
4291.599999993105,1.0012970029321668,0.002930652925968519,45.16084837964192
4291.999999993095,1.001484415519808,0.0030831615833355752,45.39809459504397
4292.399999993086,1.000809749117298,0.0028859107318888293,45.08319578817592
4292.799999993076,1.0001953349126236,0.0023488647772090024,44.28556855419759
4293.199999993067,0.9985786705022994,0.0022281868483992077,44.23824618169866
4293.599999993057,0.9983278337229443,0.002299034196961738,44.4203058855495
4293.999999993048,0.9982401845274576,0.001955176973560778,44.08909757346984
4294.399999993038,0.9993915274809689,0.0020698371582219283,44.236479970247174
4294.799999993029,1.0014892806488656,0.0019510820164963104,44.15855660110638
4295.199999993019,1.0017887032085473,0.0016073509791436871,43.77768165168645
4295.59999999301,1.0019976926668244,0.0014793052590529334,43.67219522757742
4295.9999999930005,1.001388878697697,0.0015158919766296761,43.787706593737774
4296.399999992991,0.9999724805402788,0.0015620706124115308,43.76544763909866
4296.799999992982,0.9992973933242706,0.0016346944707393354,43.79379367442515
4297.199999992972,0.9996725388218818,0.0018239751665888313,43.92592130226535
4297.599999992963,1.0008657485997814,0.0021157608762032614,44.1700122642373
4297.999999992953,1.000225595434326,0.002433604829711987,44.30860077443772
4298.399999992944,0.9988659724553504,0.00260808737868472,44.39175127903309
4298.799999992934,0.9983064322865672,0.0025785275064114516,44.42538513216933
4299.199999992925,0.998560499114518,0.002520582401616375,44.27267049382147
4299.599999992915,0.9985831372592628,0.002301167729625852,44.18507060170249
4299.999999992906,0.9980189866997344,0.0024705447116591104,44.37271436816064
4300.3999999928965,0.9966569655156922,0.002800129379907177,44.71497554855668
4300.799999992887,0.998278572112429,0.0028327622521715826,44.67979941813085
4301.199999992878,0.9987210977350268,0.002423489382558077,44.45346107404623
4301.599999992868,0.9990134006862839,0.0022712296430632303,44.232076598142925
4301.999999992859,0.9992490046718213,0.0022236325468335655,44.04248933572322
4302.399999992849,0.9997394644935331,0.0021145974684187046,44.11404291816675
4302.79999999284,1.001243378981981,0.00228280296726783,44.282752255342146
4303.19999999283,1.0010803005037354,0.0022504488189214046,44.28112895717401
4303.599999992821,1.0010452797740539,0.002200864915415915,44.242637196883074
4303.999999992811,1.0003518237975704,0.001934595622540794,44.00716625513086
4304.399999992802,1.0004327938321123,0.0017568782180536664,43.78398899446953
4304.799999992792,1.0019773989766556,0.001705941804583176,43.77973970708734
4305.199999992783,1.003015498835401,0.0015288932910981694,43.49202211149891
4305.5999999927735,1.0035047306148621,0.0016260060018861973,43.47411874375645
4305.999999992764,1.0027346058697109,0.0018714915900765491,43.56968916122885
4306.399999992755,1.0017763369796444,0.0022506105581730756,43.777178933081316
4306.799999992745,1.0023291863673274,0.0026145463331774493,44.249950040567555
4307.199999992736,1.0001067425491708,0.0025062582129665475,44.285208827343105
4307.599999992726,0.9972865989079077,0.0023606972801153633,44.21326166290059
4307.999999992717,0.9965241663660627,0.002160998704673087,44.229273318270316
4308.399999992707,0.99569237840164,0.0021921132283505953,44.26058199405278
4308.799999992698,0.9955714574788121,0.0023327776295979513,44.38894906774105
4309.199999992688,0.9963220737258698,0.002506583407699107,44.3161200575913
4309.599999992679,0.9963651116163154,0.0024883678941705983,44.19767311272747
4309.9999999926695,0.9969423949484512,0.0022611935278131212,44.10496784837597
4310.39999999266,0.9973348583489112,0.0021830660965416657,44.051970549362764
4310.799999992651,0.9976535272113816,0.002284979773681649,44.116557243739955
4311.199999992641,0.9962437874489959,0.002262446252720835,44.2164675878932
4311.599999992632,0.997369836222399,0.0020257002748177576,44.0651855698195
4311.999999992622,0.9979002320202393,0.0018997478829874995,43.95758189559066
4312.399999992613,0.9985285388270926,0.0018764338257730247,43.90562217222789
4312.799999992603,0.9985062025657563,0.0018663892578455574,43.814794130089126
4313.199999992594,0.9993000130474538,0.0018657850697978045,43.75660857447765
4313.599999992584,0.9991736669543262,0.0021354661067369304,44.097104196975
4313.999999992575,0.9998968178703757,0.0022597463074637138,44.26161727399306
4314.399999992565,1.0017365253138362,0.0018390580246151911,43.96387213276295
4314.799999992556,1.0008995506870921,0.001650326960512546,43.657892030924714
4315.1999999925465,1.000835194842028,0.0015632870371045675,43.53853338544888
4315.599999992537,1.0006883452917308,0.001665809091115955,43.50363214705336
4315.999999992528,0.999396781326474,0.0019269627507626382,43.57069015555405
4316.399999992518,0.9996908238204765,0.0024314882333258112,43.82172272105332
4316.799999992509,0.9989191199702917,0.0028292150691439375,44.23790739663776
4317.199999992499,0.9997625525043128,0.0030184478078641333,44.38341532084347
4317.59999999249,0.999981890525886,0.0029221140078505565,44.54027212395297
4317.99999999248,1.000314856059308,0.003003358198444399,44.938219190003664
4318.399999992471,1.0012104852810106,0.0029867661030838805,45.16720048532718
4318.799999992461,1.0031225439381235,0.0026570025731139785,44.64606305262142
4319.199999992452,1.0062844751375197,0.002295309576569909,44.276660625125515
4319.5999999924425,1.0053658394647569,0.0019968761999214,43.974623020430116
4319.999999992433,1.0041829427773257,0.0020658997550907555,44.151871312437336
4320.399999992424,1.0040066820985385,0.002121590285944702,44.30169851535554
4320.799999992414,1.0029488460899572,0.0019878362771342485,43.990346095885805
4321.199999992405,1.0026707593005806,0.001785096290086497,43.79537293198537
4321.599999992395,1.0013794811818417,0.0016957192460243505,43.56223687666639
4321.999999992386,1.0006440683736584,0.0018390244805122158,43.57567386346565
4322.399999992376,1.000321346497384,0.002148038880607661,43.802041051040895
4322.799999992367,1.0001582200273176,0.00214743399703315,43.9408103623421
4323.199999992357,1.0003641283545746,0.0019209290753625496,43.82254606032039
4323.599999992348,1.00129267987652,0.0017900813186030537,43.80275924477394
4323.999999992338,1.00218266301474,0.0017477236846099513,43.69158208512998
4324.399999992329,1.0022583787294064,0.0018757466133754097,43.749696634889894
4324.7999999923195,1.0013858742080943,0.002095884485116347,43.95507391305175
4325.19999999231,1.0015886180410167,0.0020437459869133054,44.05053404431448
4325.599999992301,1.000923885281441,0.002385775434859863,44.45796533749584
4325.999999992291,1.00070098214378,0.0024797752434023456,44.5880530525265
4326.399999992282,1.0000189309788206,0.002372618437525062,44.54217815897778
4326.799999992272,1.0004305599213366,0.0024061748148066857,44.65348060495292
4327.199999992263,1.0003569521536047,0.002515523573375791,44.59966382721679
4327.599999992253,0.9988857854524146,0.0026628732472072716,44.64673675756684
4327.999999992244,0.9984646040096399,0.0026018725500208954,44.55607433401598
4328.399999992234,0.9989103107421247,0.0023244182980046565,44.24462137954859
4328.799999992225,0.9998476828765598,0.002118719614328288,44.19399712761198
4329.199999992215,1.000028978474841,0.0022166831363133375,44.33766768715835
4329.599999992206,1.0004697019767,0.002237376171080287,44.41115394244751
4329.9999999921965,1.0016440678342353,0.0020535523989806685,44.152923134898536
4330.399999992187,1.0011637961585764,0.0019399151751117506,43.842666853702234
4330.799999992178,1.0008057985420955,0.0021570374234361313,43.9194679275006
4331.199999992168,0.9999634540413949,0.001956837473333888,43.77789725851768
4331.599999992159,1.0004815173208998,0.0017254934380508363,43.616550399920925
4331.999999992149,1.0009415326656306,0.0015395626651409412,43.39516420658964
4332.39999999214,0.9999251578715207,0.0015768167668335064,43.39191964735818
4332.79999999213,0.9993482653362571,0.001771527245738518,43.548941725169264
4333.199999992121,0.9991124180757731,0.0019250870885847715,43.664926707733706
4333.599999992111,0.9997885040931421,0.001885493109001491,43.750679457795925
4333.999999992102,1.0018779940935643,0.0019471425227651235,43.88027330813572
4334.3999999920925,1.0028590758010107,0.0021317341314871243,43.93192025468443
4334.799999992083,1.0049299137851695,0.002332704953394659,43.94442084273412
4335.199999992074,1.004601838535993,0.0025722095192131306,43.98142829340035
4335.599999992064,1.0056129610584152,0.0027786702736946616,44.30524495149348
4335.999999992055,1.005755263543567,0.0029543338729973306,44.63971230654019
4336.399999992045,1.0052721247251826,0.002677975777503185,44.36460706499076
4336.799999992036,1.0053501923214967,0.0023318459876619678,44.38060525171365
4337.199999992026,1.00369472846962,0.0022497619518828766,44.504143784198554
4337.599999992017,1.00306397358044,0.0021956590601406012,44.416921565852554
4337.999999992007,1.0032067172810277,0.0022504190857019386,44.45084704732629
4338.399999991998,1.0017300504991657,0.002183273214182964,44.30995339878721
4338.799999991988,1.001177226770285,0.0019207909431469643,43.87139924807919
4339.199999991979,1.001046022999245,0.0019204953213074127,43.8008895135346
4339.5999999919695,1.0014686197198635,0.002007776983147266,43.963794624852184
4339.99999999196,1.0013965065194255,0.0019685608472924136,44.030796729713806
4340.399999991951,1.0021603741164,0.0018724613157796543,43.8176578511281
