t,u,tke,sdr
4000.0,1.0901344867136435,0.030745106520578946,41.42880739018323
4000.3999999999905,1.090536902913146,0.030745618191561096,41.42935164660232
4000.799999999981,1.0909417424110883,0.030747605449065286,41.42934575174764
4001.1999999999716,1.0913456208869738,0.030750825035262472,41.42996774918337
4001.599999999962,1.0917455480555638,0.030755940819553292,41.430833255312855
4001.9999999999527,1.0921394378835179,0.0307626078623598,41.43180998113271
4002.3999999999432,1.0925271496447007,0.030770479045567636,41.43281882852045
4002.799999999934,1.0929102924153475,0.030779149875435678,41.433814516477014
4003.1999999999243,1.0932914779189806,0.030788204574268632,41.43476550368805
4003.599999999915,1.0936734337473708,0.030797266693587667,41.4356615106788
4003.9999999999054,1.0940582215460128,0.03080599700236794,41.43651012087293
4004.399999999896,1.0944466169392681,0.030814013634225458,41.43732688771798
4004.7999999998865,1.0948376236212234,0.030820687499733462,41.43812376231186
4005.199999999877,1.09522809387424,0.03082464857421904,41.438897562010276
4005.5999999998676,1.0956124287435807,0.030823071928203483,41.43961328242497
4005.999999999858,1.095982338680838,0.030810969960008597,41.44018703166524
4006.3999999998487,1.0963266557585256,0.03078036433649113,41.440485068660685
4006.799999999839,1.096631679393204,0.030718871780018024,41.44034087116849
4007.1999999998297,1.096882125278331,0.030607824568747586,41.43958410293535
4007.5999999998203,1.097062887311828,0.030420186028238344,41.438047299076835
4007.999999999811,1.0971613234941133,0.030121252172156006,41.43559346923194
4008.3999999998014,1.0971697586123357,0.029675944378640864,41.43224399616191
4008.799999999792,1.0970875231396742,0.029058414011477497,41.42815112783629
4009.1999999997824,1.0969219377108983,0.028257655128457997,41.423340911748014
4009.599999999773,1.096687583435823,0.02728543138396857,41.41759056402534
4009.9999999997635,1.0964038275598535,0.026186455129070942,41.41065645851134
4010.399999999754,1.0960907431096472,0.02504269543061344,41.4023358655305
4010.7999999997446,1.0957645005015164,0.023964470206771154,41.39258757129544
4011.199999999735,1.0954346842155485,0.023060766382329456,41.38262064625208
4011.5999999997257,1.0951047767580653,0.02239876215984909,41.37513212611566
4011.9999999997162,1.0947753841613437,0.021983991938313265,41.37324028835034
4012.399999999707,1.0944490439108774,0.02178032322353026,41.37869160262759
4012.7999999996973,1.0941347829665844,0.021738185773246557,41.390629552142116
4013.199999999688,1.0938511835913691,0.02180252007186842,41.406271812041815
4013.5999999996784,1.093628076572857,0.02190801553919301,41.42200811623817
4013.999999999669,1.0935037253530957,0.021977140793400705,41.43425684744928
4014.3999999996595,1.0935186400895867,0.021934666406109537,41.44051635894378
4014.79999999965,1.0937096035477514,0.02173280389746877,41.44043831444751
4015.1999999996406,1.0941034958516742,0.02136412906126652,41.43493197221617
4015.599999999631,1.0947121088087148,0.020852386612615598,41.425218577186804
4015.9999999996217,1.095530037666904,0.020231931464620767,41.4120212698028
4016.399999999612,1.0965355107985775,0.01953420747844856,41.39592451442025
4016.7999999996027,1.0976956034451644,0.01878409006875176,41.378041602420815
4017.1999999995933,1.0989768196677445,0.018004219871431224,41.360115321099855
4017.599999999584,1.1003610461481697,0.0172218924354542,41.3443156036281
4017.9999999995744,1.1018646434607016,0.016477165119999353,41.33299038652051
4018.399999999565,1.1035572315158548,0.01582720970063983,41.32876281443289
4018.7999999995554,1.1055751046910967,0.01533745548882999,41.33494677468126
4019.199999999546,1.1081129220803179,0.015046301111961901,41.35425973850145
4019.5999999995365,1.1113671068447522,0.014877836925446345,41.385583541894
4019.999999999527,1.1154564457290588,0.014580640410085638,41.41941811778739
4020.3999999995176,1.120359717659436,0.013941311896748288,41.42410681496602
4020.799999999508,1.125844607613488,0.01295139844495235,41.34710652083926
4021.1999999994987,1.1314575092779982,0.011687610163788184,41.24905480109709
4021.5999999994892,1.1366883076282888,0.010674947656561722,41.2371228924296
4021.9999999994798,1.1411501166887104,0.010186928302682469,41.28037255389452
4022.3999999994703,1.1446765068603708,0.009993754396571998,41.32083728373775
4022.799999999461,1.1473090710729985,0.009923123759801377,41.34413391559367
4023.1999999994514,1.1492422370753126,0.009944663995287545,41.352072812999474
4023.599999999442,1.1508034685391313,0.010094492109102836,41.35595971614639
4023.9999999994325,1.1524768484213068,0.010433127092308274,41.37020568728568
4024.399999999423,1.154867570217103,0.010987154762302434,41.407293847813285
4024.7999999994136,1.1585541174143894,0.011582579582429394,41.475466021875754
4025.199999999404,1.1639166976883595,0.011641089991656159,41.56481752807359
4025.5999999993946,1.1709450648194955,0.010857978965932744,41.609657260421386
4025.999999999385,1.1790286588862817,0.009251198180128829,41.49244406557857
4026.3999999993757,1.1871928027695102,0.008040092388296125,41.425000742259265
4026.7999999993663,1.1947531378508227,0.0077919919354649805,41.469686754593006
4027.199999999357,1.2016282367772568,0.00775351964186072,41.50478938868057
4027.5999999993473,1.2078164804964533,0.007610545944896227,41.549557185831446
4027.999999999338,1.212942692466069,0.007250698122371089,41.63254671498715
4028.3999999993284,1.2160742382175282,0.006750097642911393,41.78591669295638
4028.799999999319,1.216305078249626,0.006094847763103062,41.91477177983149
4029.1999999993095,1.2133392730506292,0.0054589530875829365,41.97546773744254
4029.5999999993,1.2067828394292526,0.005110500750554115,42.08291285715316
4029.9999999992906,1.1975796996422832,0.005128233190361298,42.40433325131256
4030.399999999281,1.1873748793175332,0.0063373188925563515,44.76798400679238
4030.7999999992717,1.1770568971313433,0.007907013367088957,45.50473944490087
4031.199999999262,1.167947161371048,0.008508667003739562,43.53856014209102
4031.5999999992528,1.1618028533770532,0.009455443493287736,42.391009848127524
4031.9999999992433,1.1579372614844665,0.010080153019988602,42.11824599531748
4032.399999999234,1.1555219701323345,0.010077807874321656,42.05136476850799
4032.7999999992244,1.154080542666037,0.009430572212846749,42.01411373792669
4033.199999999215,1.1535155274489357,0.008581078116401708,41.964888942919686
4033.5999999992055,1.1537475663918073,0.007816259056885176,41.87032770850157
4033.999999999196,1.15453166463087,0.0071068712907968925,41.69594017369237
4034.3999999991865,1.1554152968871378,0.006535197605421287,41.48563920482003
4034.799999999177,1.1559219710583075,0.006320503872533201,41.4414671978112
4035.1999999991676,1.1558139702124088,0.006402929463860528,41.555782418001805
4035.599999999158,1.1552860247897656,0.006564867974276114,41.72767085780842
4035.9999999991487,1.1548832680821106,0.0064750867211238695,41.96628909809752
4036.3999999991393,1.155191829267294,0.0055013994048992735,42.43368686144196
4036.79999999913,1.1570061125858604,0.004964631336291613,42.77307518326748
4037.1999999991203,1.1597659821969486,0.0052059820161758745,42.69987244081306
4037.599999999111,1.1626205423207252,0.0060585217410086215,42.58222023597681
4037.9999999991014,1.1650730414903676,0.007175470905568757,42.370486640855646
4038.399999999092,1.1671285029275595,0.007700040361623564,42.27517177790631
4038.7999999990825,1.1689440303339367,0.007925837426830902,42.332145719244444
4039.199999999073,1.1708346218964745,0.00786284014209117,42.44225848852505
4039.5999999990636,1.1731761430532313,0.007711808957700166,42.66282612940935
4039.999999999054,1.175931644881368,0.00734182167420289,42.9178756771134
4040.3999999990447,1.1796036416202031,0.006898678219058382,43.187287914475
4040.799999999035,1.184607884665653,0.006674058119495299,43.479756453341125
4041.1999999990257,1.1889883229842901,0.0066513439434776125,43.76531488351244
4041.5999999990163,1.1921236166324902,0.006088664612117675,43.5527379541844
4041.999999999007,1.1952533152525593,0.005721052762388231,43.43696790803886
4042.3999999989974,1.1980820668421246,0.005101826762530943,43.46372505569797
4042.799999998988,1.2010466258519839,0.004674853135457719,43.32817280294352
4043.1999999989785,1.2035858003581383,0.004477168233378281,43.47300740617899
4043.599999998969,1.2054066234174863,0.004511217561958759,43.640738318888936
4043.9999999989595,1.207094404127003,0.0045807239698426845,43.35125346805429
4044.39999999895,1.2103453238818622,0.005179063469080093,43.068776736502585
4044.7999999989406,1.2145220410125368,0.006018278521150258,43.13005382452476
4045.199999998931,1.2174042297448386,0.006439555142948211,43.43499098815493
4045.5999999989217,1.217982766170464,0.006654575835395959,43.81573446191589
4045.9999999989122,1.2146891913892706,0.006785026327056409,44.3540571790514
4046.399999998903,1.2124277117278262,0.007070896219333213,44.77953807461397
4046.7999999988933,1.2140106542112525,0.0073975337109970715,44.891367002753555
4047.199999998884,1.217493925358645,0.007586348261678784,44.9435232880762
4047.5999999988744,1.2199315611341568,0.007412012302267884,45.228100732196005
4047.999999998865,1.220693575813676,0.00732117207876559,45.34384000361343
4048.3999999988555,1.2202943548451566,0.007126706216940428,45.39181335496231
4048.799999998846,1.219500597530429,0.005991805503504659,45.26954737365304
4049.1999999988366,1.2190811510459791,0.005194348675699091,45.14891246216285
4049.599999998827,1.2194143768962808,0.00472938437883084,45.30145181005166
4049.9999999988177,1.220605394922748,0.004584884639863877,44.898968633345795
4050.399999998808,1.2171371854280018,0.0050680138459637545,44.900372997803046
4050.7999999987987,1.2129609917818311,0.005079692785082967,44.38855763858919
4051.1999999987893,1.2104558185420828,0.0054546907328991675,43.78298605749645
4051.59999999878,1.2082166924190518,0.006104855902198222,43.90713072201472
4051.9999999987704,1.2064661400564667,0.0060923157011939085,44.56435377066993
4052.399999998761,1.2050840302688826,0.005613133010139372,44.96583581068618
4052.7999999987514,1.2030427091838014,0.004916484067623315,44.822755976968374
4053.199999998742,1.201397519668926,0.004999886192994163,45.21683707579003
4053.5999999987325,1.199214711301098,0.005174955100286131,45.90719869941051
4053.999999998723,1.1977176162851002,0.004924447299205966,46.21072058210272
4054.3999999987136,1.1931047405591981,0.004412351772868447,45.99278231291241
4054.799999998704,1.188545530061458,0.003513484766977802,45.60966695324809
4055.1999999986947,1.185869044567378,0.0033044522441222895,45.62360307160804
4055.5999999986852,1.1850375683649212,0.003430238687992939,45.90146068906233
4055.999999998676,1.1797488090424715,0.003595818233565753,46.02640270969177
4056.3999999986663,1.1694189069629481,0.0031754070781726813,45.595968444765504
4056.799999998657,1.1621127970280327,0.0030856314826583926,45.46972670058576
4057.1999999986474,1.1573901001132054,0.003102029459340036,45.28146191406549
4057.599999998638,1.1537606725838554,0.0036489821604332707,45.42091817005918
4057.9999999986285,1.1523790941586642,0.003722447140275237,45.58470470344421
4058.399999998619,1.1465405025039326,0.0036949228223741213,45.87129606096749
4058.7999999986096,1.142837893238277,0.0038121626586374905,45.668695335539134
4059.1999999986,1.1336966192133238,0.003153261620839148,44.99776269241879
4059.5999999985906,1.1258027803358628,0.0030270008551204477,44.777250725780334
4059.999999998581,1.1210131529123282,0.0032907495704863105,45.14216218280419
4060.3999999985717,1.116119826017935,0.003259713646613199,45.3225918985378
4060.7999999985623,1.1099392584132943,0.003474569892542966,45.57509339797561
4061.199999998553,1.1035291329970172,0.0036091221361069198,45.66688606039714
4061.5999999985434,1.1002975061383167,0.0031749247135357973,45.425487987353456
4061.999999998534,1.0956634422823837,0.003429098045739372,45.8574732632524
4062.3999999985244,1.091434317235174,0.0035892606633029693,46.115006354536526
4062.799999998515,1.086620745551728,0.0033201572451450343,45.8994254979877
4063.1999999985055,1.081618268836925,0.0033889262540291046,45.95405813291839
4063.599999998496,1.0783137577697037,0.003286357038773389,45.73088761501117
4063.9999999984866,1.074389111896207,0.0030239853596415005,45.524941372807106
4064.399999998477,1.071333016121034,0.002600224026842748,45.274076331474525
4064.7999999984677,1.0672902456838043,0.0024425197850782383,44.965450167330516
4065.199999998458,1.0626002554436518,0.002472557211355352,44.67235724963275
4065.5999999984488,1.0599967319366237,0.0026036209489655334,44.632692901733925
4065.9999999984393,1.0605269019513561,0.002892757455174136,44.830426323302135
4066.39999999843,1.0597397784068197,0.003472485017015377,45.27849454431421
4066.7999999984204,1.0597724532213997,0.003999942158899528,45.77102270146263
4067.199999998411,1.059158280481709,0.004050122205163323,46.024094780949206
4067.5999999984015,1.0534855456776888,0.003935644435427182,46.027677449513
4067.999999998392,1.046656805505931,0.0035713372494662592,46.24222973733422
4068.3999999983826,1.0442119660685651,0.0031200016564764243,45.76520974763887
4068.799999998373,1.0401222872176297,0.002518199023221467,45.08710321923047
4069.1999999983636,1.0356262555872235,0.002446575997063117,45.069582259096826
4069.599999998354,1.0313418948218835,0.002340599160454755,44.75104972674298
4069.9999999983447,1.0292347587413049,0.0023014350173812207,44.657091829618764
4070.3999999983353,1.0272606652763971,0.0025037643841223293,44.74904988653078
4070.799999998326,1.0245541057070124,0.0031077721285546647,44.90534021526777
4071.1999999983163,1.0261745392659776,0.003197709469651651,44.84207374400378
4071.599999998307,1.0262556922053363,0.0025290357980555646,44.503119543215455
4071.9999999982974,1.022627066959308,0.0025617661398306692,44.80390170898772
4072.399999998288,1.0197696832942131,0.003060555086093342,45.24055684325916
4072.7999999982785,1.018569125992185,0.002863695254666966,45.32115560763487
4073.199999998269,1.0170414046038287,0.002291506626122709,44.97166909573123
4073.5999999982596,1.0160627633344173,0.001960767951900091,44.56000640655098
4073.99999999825,1.0145346806586533,0.001938324551235509,44.267635270978914
4074.3999999982407,1.014889120760502,0.002247572331460066,44.520893427194856
4074.799999998231,1.0186865412440227,0.002613826802610022,44.79495742933637
4075.1999999982218,1.0222076185119153,0.0027336353782553857,44.603074146321966
4075.5999999982123,1.0216495236687493,0.0030520745759662015,44.67727424804291
4075.999999998203,1.0197655515669388,0.0033881003609432924,45.20923550727897
4076.3999999981934,1.0173041864836594,0.00352251472165314,45.712887646388225
4076.799999998184,1.013744085650609,0.003399355943168181,45.88677817489593
4077.1999999981745,1.0106573956485334,0.00297423693546739,45.25525836058409
4077.599999998165,1.0081189971288909,0.0031196438648721197,45.33103442341981
4077.9999999981555,1.0071665918730228,0.002820273541786533,45.04361789606995
4078.399999998146,1.003416849037204,0.0026027103445618997,45.18818061241808
4078.7999999981366,1.0002460781782232,0.0020315767602296303,44.572729807439806
4079.199999998127,0.9982754196220376,0.0018876126876210184,44.3647427461739
4079.5999999981177,0.997519650114989,0.00165995831076628,44.114924376441486
4079.9999999981083,0.9964748186108221,0.0015686837940634653,44.102464992569814
4080.399999998099,0.9948586067962553,0.0015995860883283013,44.12626361102788
4080.7999999980893,0.9936134331432747,0.0015419800442542791,43.952500961669266
4081.19999999808,0.9921850734724499,0.001485400589416491,43.857517304396
4081.5999999980704,0.9918695827651385,0.001493423177926212,43.707366786887434
4081.999999998061,0.9915183479422695,0.0015003527328646099,43.61320108725159
4082.3999999980515,0.9907551968881357,0.0015822812898804266,43.66440635220897
4082.799999998042,0.9912489162404513,0.001752720117607867,43.79007217835518
4083.1999999980326,0.9926747573020593,0.0019596315393479737,43.979049719848234
4083.599999998023,0.9930746111555541,0.002066962444642226,44.1651751810888
4083.9999999980137,0.9925235190047391,0.0018915731769998528,43.872891046177564
4084.399999998004,0.9919454268421412,0.0018216767484298573,43.87859153370752
4084.7999999979947,0.9906640525568264,0.0019614798111064753,44.197223700582654
4085.1999999979853,0.989724268789066,0.0018812426805110915,44.267881405776045
4085.599999997976,0.9885406990695769,0.0016973537364654667,43.90523245717383
4085.9999999979664,0.9898197674060433,0.0017328347663323957,43.81125929623921
4086.399999997957,0.9892847826776611,0.0019130327871578808,43.86318217288818
4086.7999999979475,0.9866399820394215,0.0019452977965385698,44.18862240804434
4087.199999997938,0.9840932377231459,0.0019970260966605336,44.25076960726349
4087.5999999979285,0.9821264889929953,0.0019155717501077739,44.19546122723017
4087.999999997919,0.9802621948982154,0.0018807191186987781,44.114754774752235
4088.3999999979096,0.9787975844534962,0.001817074511094794,43.98614754149565
4088.7999999979,0.9779022378941737,0.002008614574523217,44.12574561792291
4089.1999999978907,0.9763428804092156,0.002169398961808125,44.160780702335344
4089.5999999978812,0.9752006537392596,0.0024718368205005666,44.507713024180084
4089.999999997872,0.9741053791460711,0.0025639364005144425,44.685538330910504
4090.3999999978623,0.9730528717731547,0.002300305270937321,44.4053973862199
4090.799999997853,0.9725593800959479,0.002278339609087521,44.28998307296263
4091.1999999978434,0.9722730869264055,0.002054789040544216,44.016235515227656
4091.599999997834,0.973512281368004,0.0018688268907423808,43.66613956938509
4091.9999999978245,0.9748469456579026,0.0016640199723996156,43.395648216674175
4092.399999997815,0.9757487324175985,0.0015789630076253488,43.400587889750064
4092.7999999978056,0.9755239336552959,0.001570808913283717,43.45376165373026
4093.199999997796,0.9763812691754465,0.001576953254054899,43.42148549059172
4093.5999999977867,0.9770336044671051,0.0017451462687125478,43.48558879176009
4093.999999997777,0.9767057388122437,0.002110785403247041,43.7411005262736
4094.3999999977677,0.9757781212968577,0.0024324044052780533,44.03284413245747
4094.7999999977583,0.9754366781547682,0.0023756616022756263,44.07919058319606
4095.199999997749,0.9752492460060156,0.002168079417955142,44.13391453310718
4095.5999999977394,0.9746608405569307,0.00205736606068195,44.14931823052052
4095.99999999773,0.9727968142750683,0.0018027507738347316,43.81799361484538
4096.39999999772,0.9708037990365019,0.0018536166416971026,43.804196291799265
4096.799999997711,0.9695693406395258,0.0018776675501142085,43.87313717169737
4097.1999999977015,0.9696422555740816,0.0018453673297383344,43.92326492811385
4097.599999997692,0.9710111881715057,0.00196043282786745,43.79935550606658
4097.999999997683,0.9725414125821292,0.002192042612890257,43.76175740240326
4098.399999997673,0.9723495627718101,0.0023812173932260664,43.87894735671252
4098.799999997664,0.9716581554185185,0.0026722088938958104,44.25257598442697
4099.199999997654,0.9722016102722292,0.0027462981869386008,44.43401343256185
4099.599999997645,0.9720164675023827,0.0031999348783873422,44.85366605915324
4099.999999997635,0.9716318704370418,0.0028551897129045307,44.61322686537115
4100.399999997626,0.971525639934593,0.002494219249530904,44.30495247178531
4100.799999997616,0.9722740984644184,0.0023837363754852492,44.21711231855835
4101.199999997607,0.9737905429577595,0.002095805052771135,43.9168934628035
4101.5999999975975,0.973358310105836,0.0019208322655294113,43.68870558645084
4101.999999997588,0.9747127621821036,0.0021163849669781605,43.84804896026841
4102.399999997579,0.9748468851797174,0.0021199142235111715,44.02364027443078
4102.799999997569,0.974050048413808,0.0021985042455493864,44.21542902631679
4103.19999999756,0.9731461784093032,0.0021073960771847504,44.07393169051856
4103.59999999755,0.972851096333429,0.0021825560476209146,44.07182562550454
4103.999999997541,0.9729632832031403,0.0022144830804079058,43.90429944452951
4104.399999997531,0.9718421720425328,0.002154474082626227,43.893889557348004
4104.799999997522,0.9714293221934127,0.002018260750638453,43.86381393334515
4105.199999997512,0.9725836411177382,0.0018607021323313769,43.71462489755729
4105.599999997503,0.971204951564702,0.001780127362208073,43.76324902674982
4105.999999997493,0.9706018763804319,0.002038918488599253,43.98883278656239
4106.399999997484,0.9687529980498867,0.002189171167084849,44.087152453771054
4106.7999999974745,0.9683391615042971,0.002015786290439457,43.98865049422071
4107.199999997465,0.9668252804467596,0.0023374655420028774,44.286079136031205
4107.599999997456,0.9656324900639204,0.002537919629470495,44.56095259469712
4107.999999997446,0.9665698950287243,0.0024126543827967203,44.50809066437737
4108.399999997437,0.9671051602134175,0.002425442090964026,44.43382356616458
4108.799999997427,0.9666232451066491,0.002513348494942746,44.38992321938347
4109.199999997418,0.966194034898467,0.0021984807517881175,44.110528682716335
4109.599999997408,0.9655095484864367,0.002108183347988001,44.04883505651274
4109.999999997399,0.9654423510958122,0.001983317838653203,43.761697619863085
4110.399999997389,0.9665289395988886,0.0017731250042067033,43.365903029616696
4110.79999999738,0.9685561322961055,0.0016072913954265848,43.17396879601598
4111.1999999973705,0.9697282271640506,0.0016445077434993289,43.145504313653895
4111.599999997361,0.9701461197234724,0.0018999699961143428,43.270364700973055
4111.999999997352,0.9705374105083143,0.0022945698644867207,43.5712162474593
4112.399999997342,0.9697751929206234,0.002715137091297272,43.93987259345914
4112.799999997333,0.9696817732355695,0.002953090519388771,44.12688694329601
4113.199999997323,0.9679085007582164,0.002668825155364285,44.12426282875693
4113.599999997314,0.9669363996242203,0.002344956859734175,44.20792617465052
4113.999999997304,0.9647095462963424,0.0022203467995806315,44.25538787938915
4114.399999997295,0.9619123797866308,0.0022129017767158125,44.189501759561466
4114.799999997285,0.9612036788469778,0.002157771689525815,44.261046740597976
4115.199999997276,0.9618419348271809,0.00207831047427728,44.23711009603642
4115.599999997266,0.9643161568258818,0.0021485210586879733,44.08598369662701
4115.999999997257,0.9660084179725741,0.002124378956293402,44.09731361138782
4116.3999999972475,0.9660655724222066,0.0021363913259202106,44.21649025101132
4116.799999997238,0.9641187341753039,0.0022092992222102295,44.110247074711566
4117.199999997229,0.9644909727471744,0.0022901611737490405,44.08344297835696
4117.599999997219,0.9652534379587597,0.0028699277451142385,44.47235421867628
4117.99999999721,0.9639431075849402,0.002591291920260076,44.32841764756923
4118.3999999972,0.9630402308188117,0.002273917964370453,44.22997588502456
4118.799999997191,0.9611524099729611,0.002125665417933544,44.13101837085765
4119.199999997181,0.9596923395773226,0.0020920808497141286,44.152683050606775
4119.599999997172,0.9585670976000602,0.0020339935577868046,44.0920837242322
4119.999999997162,0.9577724708678456,0.002022365636692801,44.128841225651136
4120.399999997153,0.9573230677055916,0.0016916475717813097,43.61113562172935
4120.7999999971435,0.9561025131348306,0.0015300012847800457,43.34393477974002
4121.199999997134,0.9545768341022172,0.0015630306435937176,43.39273753945426
4121.5999999971245,0.9547278103455569,0.001683579055297924,43.62212892942912
4121.999999997115,0.9547882784651872,0.0018467727070422303,43.955863723759634
4122.399999997106,0.9537013977414389,0.0019231385025570541,43.900157577866416
4122.799999997096,0.9539418520008891,0.0021162370011378485,43.87817477366401
4123.199999997087,0.9549567242893088,0.0023991150934476245,44.20201106047141
4123.599999997077,0.9560843525228993,0.002370332752310574,44.106888908329424
4123.999999997068,0.9574910798150371,0.002368674760678181,44.01416608224207
4124.399999997058,0.9576616197436145,0.0023905713843095453,44.10491132551262
4124.799999997049,0.9592943715655529,0.0023880889560156664,44.235642798060454
4125.199999997039,0.962095561492868,0.002467413884712958,44.36645722862517
4125.59999999703,0.9645502458862618,0.00249997622547492,44.38244819144311
4125.9999999970205,0.9679276713571862,0.0025041502006674676,44.2904243059045
4126.399999997011,0.969952926383203,0.0023705094955086526,44.1309132501235
4126.799999997002,0.9685703262335326,0.0022655840628143806,44.046489826253755
4127.199999996992,0.9678721601741924,0.002236220489361318,44.00109190618254
4127.599999996983,0.9660936730613044,0.002311445542135081,44.190708464474454
4127.999999996973,0.9644350485659203,0.0023557698720810087,44.18592876317106
4128.399999996964,0.9643520604400952,0.0020500427432992422,43.972966794888855
4128.799999996954,0.9633262454866298,0.0018801200754179328,43.77220857834711
4129.199999996945,0.9628712788615843,0.0017326387004170008,43.42857227028664
4129.599999996935,0.9633781626068726,0.0017556871087097967,43.444617914057964
4129.999999996926,0.9633644129921057,0.001933602868519587,43.724750036663934
4130.399999996916,0.9640153216739774,0.002331064401051231,44.08306328918203
4130.799999996907,0.9652135177964447,0.0024376496344777556,44.08005213699234
4131.1999999968975,0.9663012669867959,0.0023254020046322224,44.01835599262316
4131.599999996888,0.9675644845199374,0.0021453702985607982,43.89418296517333
4131.999999996879,0.9678451825264602,0.0024646362069475963,44.092804662727346
4132.399999996869,0.9651622049860794,0.002399925040685098,44.21959858206454
4132.79999999686,0.9638043867065507,0.0020944948438854313,44.13071755692396
4133.19999999685,0.963569030073121,0.002026426233203613,44.12140406135282
4133.599999996841,0.9607537622836675,0.002037547215496517,43.9909711206719
4133.999999996831,0.9581071385972476,0.0019477429679621815,43.893390942930104
4134.399999996822,0.9558733682655407,0.0019097722609329557,43.955204766393834
4134.799999996812,0.9547489517115259,0.0018973209347515965,43.94150722284109
4135.199999996803,0.9546791533045323,0.0017787579556888444,43.94950700074601
4135.5999999967935,0.9549318789965944,0.0017850805482489192,44.01491196986438
4135.999999996784,0.9550924046147002,0.0018139739441952356,44.06567115115792
4136.399999996775,0.9546284945184732,0.0017379770123466657,43.9166333521747
4136.799999996765,0.954385916376687,0.0016782445242549766,43.76876108374811
4137.199999996756,0.9542559198567165,0.001673346930796327,43.667374102060535
4137.599999996746,0.9542166227830409,0.0018553039325647845,43.74958501541893
4137.999999996737,0.954850599020321,0.0021252505261819287,43.891057454860274
4138.399999996727,0.9557530442930072,0.0021177677434607053,43.88168892329887
4138.799999996718,0.9577809795724329,0.002163330917242262,43.855484576089566
4139.199999996708,0.9586925457757722,0.002382730808456462,44.035851302124286
4139.599999996699,0.9600306442602089,0.002352814710872642,44.30743596212164
4139.999999996689,0.9599419782068532,0.002421846470574695,44.495679942854345
4140.39999999668,0.9601406759352547,0.00224838571385578,44.07153550791197
4140.7999999966705,0.9588649888974116,0.0022457199192506766,43.969173555937196
4141.199999996661,0.9580555570109403,0.0020140724358927373,43.773439069543386
4141.599999996652,0.9570370261918971,0.0018734991574923506,43.661336022138045
4141.999999996642,0.9557327295320522,0.0018536423953028635,43.79190270856639
4142.399999996633,0.9555793292571905,0.0017705564957736118,43.74947886589254
4142.799999996623,0.9553374079340762,0.0016158165325569239,43.62756598712194
4143.199999996614,0.954743653744701,0.0015786386611559558,43.61280692728716
4143.599999996604,0.9543537290517816,0.00181936842159686,43.89638552569442
4143.999999996595,0.953754291802245,0.002146833087919655,44.19761113858436
4144.399999996585,0.9534121250603014,0.002576287123189997,44.40583358681464
4144.799999996576,0.9525935974562417,0.0028995833486227087,44.59867192436168
4145.1999999965665,0.9516824373574062,0.0028369957929622286,44.75379244391472
4145.599999996557,0.951291501622382,0.002568662779170867,44.89492452232031
4145.999999996548,0.9514907041089385,0.0024943438345842897,44.72174193975913
4146.399999996538,0.9543593661898786,0.0024334368294827565,44.44253096816852
4146.799999996529,0.953508150028822,0.0020084825397733825,43.92396164229622
4147.199999996519,0.9508282813288844,0.0019807874591720007,43.84958697507837
4147.59999999651,0.94940673294524,0.002084095108169212,43.980331266438625
4147.9999999965,0.9496928309873448,0.0020385111062292747,43.819977078108785
4148.399999996491,0.9517271247869786,0.002182548545539001,43.83170768814579
4148.799999996481,0.9510302464567393,0.0021012746120458218,44.029872302015455
4149.199999996472,0.9504068857698209,0.0019240374809088247,44.02195039372507
4149.599999996462,0.950517245661824,0.0019632264635863856,44.08088264032288
4149.999999996453,0.9523048788947632,0.0018637654114083834,43.97846318033658
4150.3999999964435,0.9532456711210563,0.0017781458859954537,43.65583460898355
4150.799999996434,0.9541902073535766,0.0017966480212298372,43.51493481879648
4151.199999996425,0.953335168053571,0.001876430987783983,43.532152928349426
4151.599999996415,0.9533786775091477,0.0020090245207978192,43.81138385242074
4151.999999996406,0.9535829002548388,0.0018267218759212337,43.88002263428227
4152.399999996396,0.952481696872958,0.0017418022108342136,43.759056106450075
4152.799999996387,0.9511758841623085,0.0017391206953236314,43.56197335001823
4153.199999996377,0.9496060270347243,0.001836299861716487,43.697744822207866
4153.599999996368,0.9481973147529237,0.0019373577107607161,43.94137498134197
4153.999999996358,0.9450025464302219,0.0020939522325231466,44.163668376675304
4154.399999996349,0.943675236633835,0.002221232681012234,44.32823064361157
4154.7999999963395,0.9442947762471645,0.002257389791920271,44.37128927500982
4155.19999999633,0.9444877528464616,0.0023505045463327874,44.322448732065936
4155.599999996321,0.9439490009593267,0.0023240967108125246,44.31438086270405
4155.999999996311,0.9418202539225411,0.0021922021426550413,44.31622615851395
4156.399999996302,0.9400963605502151,0.0023529519486583275,44.451682330533124
4156.799999996292,0.9400909898331516,0.0025059476288507194,44.519290279534
4157.199999996283,0.9406589343550078,0.002687717014806556,44.30642017914067
4157.599999996273,0.9416497857595619,0.0020889632917521087,43.82747215218245
4157.999999996264,0.9411292295801875,0.0021287151800498294,43.72472975596487
4158.399999996254,0.940806206230528,0.0019544344120761845,43.5546377779295
4158.799999996245,0.9419982721481516,0.0018977837674551215,43.48548771245428
4159.199999996235,0.944086987390568,0.0023515718931325516,43.9797298070736
4159.599999996226,0.9457888331164739,0.002459714932332303,44.02419729465252
4159.9999999962165,0.9454117191816194,0.002402568357406391,44.15915880112823
4160.399999996207,0.9437847670597094,0.002264117914273408,44.126438060471905
4160.799999996198,0.9433488907717037,0.0019341067701051408,43.908203141247185
4161.199999996188,0.94269709803101,0.0016552271212304309,43.67260168429324
4161.599999996179,0.9430568028093227,0.0016001010185857578,43.48448874919791
4161.999999996169,0.9429252244922628,0.0015339353629171652,43.29402941309232
4162.39999999616,0.9425000384477084,0.0015115824126417734,43.22931697343335
4162.79999999615,0.9420807329666755,0.001558604522892857,43.25083534764978
4163.199999996141,0.9418967865533172,0.0016245753613662456,43.414136126253055
4163.599999996131,0.9417677990649839,0.0018209304465117509,43.72361364337282
4163.999999996122,0.9409150005343246,0.0017117443988819141,43.656617406502235
4164.3999999961125,0.9402990759886145,0.0015536685987288673,43.47113079153756
4164.799999996103,0.9399468046005135,0.001592771927564698,43.5540488309072
4165.1999999960935,0.9390751660523965,0.0017304933609373204,43.83260725404139
4165.599999996084,0.9392581528831914,0.0018813068268411202,43.91815990135376
4165.999999996075,0.9412399887066785,0.0018420529838995901,43.68441526900923
4166.399999996065,0.9428920529065656,0.0018142424833405444,43.59260476451762
4166.799999996056,0.9441954314735419,0.002085780785398143,43.724783121483206
4167.199999996046,0.9449069153588965,0.002214768139217547,43.84580420467087
4167.599999996037,0.9452718340026054,0.00233652121667064,43.99798853375579
4167.999999996027,0.9444383798679508,0.002391011626235733,44.14455725496229
4168.399999996018,0.9449979707519569,0.0022245202714886803,44.20247282399624
4168.799999996008,0.9471994137289073,0.002110475677944305,44.11095611281468
4169.199999995999,0.947926342058541,0.0021448154127027223,44.034875618617065
4169.5999999959895,0.9486763097021874,0.0022381487275157114,44.03942210073329
4169.99999999598,0.9481650908029562,0.0020015273047965833,43.74501620369501
4170.399999995971,0.9478083625399191,0.0020918489605567985,43.689190915034175
4170.799999995961,0.9466436139230398,0.0023876078724368996,43.94256648325457
4171.199999995952,0.9456633724104443,0.0026711668081571176,44.24703930732366
4171.599999995942,0.9460496118821262,0.002953257112145969,44.53203033014082
4171.999999995933,0.9467313901247989,0.0026132846450373534,44.42479907050083
4172.399999995923,0.9463597101686709,0.0020435320524393417,43.97424087323497
4172.799999995914,0.946501199539267,0.001789907910819539,43.771037741642076
4173.199999995904,0.946765985163875,0.001978514532021537,43.9868680492922
4173.599999995895,0.946988785177821,0.002321710927593242,44.140744526106836
4173.999999995885,0.9463214730516258,0.0022133009774556395,44.01908145627657
4174.399999995876,0.945095692917387,0.0022274473543698187,44.13286344263509
4174.7999999958665,0.9441825925556565,0.0022467707931615026,44.20349273165629
4175.199999995857,0.9430435337130927,0.002102472532212972,44.11768973958947
4175.599999995848,0.9427275116564751,0.0020249213124923153,44.14433846839631
4175.999999995838,0.9422889664002938,0.0020631191115490157,44.11540255383359
4176.399999995829,0.9411966056749731,0.0018549004537037157,43.831800468534325
4176.799999995819,0.9410796628642728,0.0016655799141820269,43.645770546543645
4177.19999999581,0.9434246907166679,0.0015692779299569847,43.49023379050721
4177.5999999958,0.9464158298655496,0.0016415123481334222,43.457411825708505
4177.999999995791,0.9493550652003148,0.001887302900149455,43.56734316694752
4178.399999995781,0.9512278833908722,0.0022165659126345692,43.85061500336139
4178.799999995772,0.9519367580301643,0.0023202832970051677,43.938153922105045
4179.1999999957625,0.9516820853804546,0.002018363078865218,43.724336362178946
4179.599999995753,0.9516756523693821,0.0018136633404344867,43.594291684121806
4179.999999995744,0.9509249615502138,0.0017279922726186477,43.559186153704644
4180.399999995734,0.9493302439837724,0.0020386386358768006,43.82781463009206
4180.799999995725,0.9467051052497146,0.00237631922957739,44.11521538572118
4181.199999995715,0.9450340239826774,0.002501665990161439,44.24921940780417
4181.599999995706,0.9439985655441026,0.0024371587117339817,44.30257225637613
4181.999999995696,0.9430314222888917,0.0024085057796578743,44.37336401196456
4182.399999995687,0.9434614265506823,0.002306272307677394,44.318081409831635
4182.799999995677,0.9451947710376074,0.002272863513796372,44.318834752869506
4183.199999995668,0.9448610430427895,0.002072534763480085,44.15931343693534
4183.599999995658,0.9443319936179053,0.001899381474110398,43.98670340336744
4183.999999995649,0.9431644578457531,0.0019186209936113933,44.02578140290168
4184.3999999956395,0.9424921262406342,0.0018260383460924861,43.949939748141
4184.79999999563,0.942084342600957,0.001708069604968685,43.83812523866385
4185.199999995621,0.9408617795767668,0.0016269553422665263,43.77247166027701
4185.599999995611,0.9387484847394544,0.0015972298171816196,43.728512965566665
4185.999999995602,0.9381842937333281,0.0015374131884755033,43.53415253685717
4186.399999995592,0.9386213799190786,0.0015093742317575595,43.4130894142042
4186.799999995583,0.9390833152664886,0.0016495100346891156,43.44986412113733
4187.199999995573,0.9415347473534865,0.0019076090691297976,43.67355157773609
4187.599999995564,0.944874179689125,0.0019021647264573045,43.6968753193694
4187.999999995554,0.9445934408421417,0.002104341043891364,43.876509778915164
4188.399999995545,0.9429546178898056,0.002083760227313477,43.91695588395153
4188.7999999955355,0.9407317814840064,0.0019084912896223632,43.863952439477075
4189.199999995526,0.9393418509725656,0.0019636598203475386,43.90014082798639
4189.599999995517,0.9375728996847258,0.002349313141602491,44.08246853450057
4189.999999995507,0.9367070735660759,0.0023098975841856833,44.08082363000584
4190.399999995498,0.935825718146244,0.0021980478047194723,44.09039353918478
4190.799999995488,0.9352459138085945,0.0020244135873829965,43.99440378446233
4191.199999995479,0.9354189641091613,0.0018986943348321096,43.81103784388578
4191.599999995469,0.9355297872760484,0.001940594744613452,43.73827363831099
4191.99999999546,0.9345226926642677,0.0021889379379635126,43.95207184548328
4192.39999999545,0.9328513800254548,0.0026705583064112024,44.47933564664277
4192.799999995441,0.9317432629405679,0.0024804035991810624,44.40690340923442
4193.199999995431,0.9305312621780074,0.002398145262712292,44.332878611003956
4193.599999995422,0.9270526107428599,0.0020974789175179516,44.155291198164605
4193.9999999954125,0.9249136143980673,0.0020141560759777077,44.240380731821894
4194.399999995403,0.9241041764546432,0.001817513770136082,43.99966928800244
4194.799999995394,0.9223001508584261,0.0016293074736642764,43.814057731325946
4195.199999995384,0.9204839598065879,0.0016198773665309452,43.832733847070145
4195.599999995375,0.919019631704511,0.0017124741508713298,43.90298439152059
4195.999999995365,0.918149434540585,0.0020451603675713526,44.43533499395192
4196.399999995356,0.9196364226690337,0.001927128805942341,44.0227388931023
4196.799999995346,0.9219427291483614,0.0024851214558085566,44.20778101715161
4197.199999995337,0.9249972447579428,0.002459531782482767,44.06296153048455
4197.599999995327,0.9266392076077966,0.0022418562386142924,43.95023087897962
4197.999999995318,0.9268525303332219,0.0022337361412504957,43.98883974086667
4198.3999999953085,0.9270414952298834,0.002412238615112372,44.073076421455795
4198.799999995299,0.9275173397194556,0.002427466730909113,44.053359828660675
4199.1999999952895,0.9277563601832082,0.002402655756680399,44.051226883416724
4199.59999999528,0.9272126447277599,0.002552283656210161,44.30423596192281
4199.999999995271,0.92606160210965,0.002584623352537768,44.36584471166738
4200.399999995261,0.9248542653236761,0.002489719324412075,44.469453427106835
4200.799999995252,0.9238625548899382,0.0023831052290509244,44.3723292163601
4201.199999995242,0.9236923331163508,0.0029095849325944017,44.70302399228703
4201.599999995233,0.9250429205629045,0.0028206537725123677,44.771418254142475
4201.999999995223,0.9243804661433698,0.002531503188824917,44.6140941547295
4202.399999995214,0.9214590122481766,0.002438748881930832,44.427870082426395
4202.799999995204,0.9197302763577059,0.002043258866738604,44.03354514818691
4203.199999995195,0.9175335696976918,0.0018833807800248611,43.84666815613063
4203.5999999951855,0.9167387517655642,0.0018828753135655268,43.79786808609831
4203.999999995176,0.9175367463748084,0.001973246977294004,43.98677625804461
4204.399999995167,0.9187784056158632,0.002140916617772716,44.024003803243666
4204.799999995157,0.9176980916296207,0.0026275469875153817,44.62142454541272
4205.199999995148,0.9136684114079915,0.0023458902775619793,44.61690683702144
4205.599999995138,0.914383372446576,0.002196586043803243,44.50867698105047
4205.999999995129,0.913974299848054,0.002221795756767711,44.519322544818074
4206.399999995119,0.9132557268387116,0.0024295965993275403,44.47028759405075
4206.79999999511,0.9130253335123709,0.0021726992999636097,43.9868296442739
4207.1999999951,0.9116986098860161,0.001796472099320843,43.649069453350656
4207.599999995091,0.9111010021709642,0.0016956914651383292,43.50930120726724
4207.999999995081,0.9123466654667627,0.0017336025998935093,43.50913313179409
4208.399999995072,0.9141699679258923,0.0018561585124439281,43.539622106315164
4208.7999999950625,0.9138627275827335,0.0020308859164719453,43.70126880663922
4209.199999995053,0.9144086075537342,0.0019525778766659274,43.77406462006303
4209.599999995044,0.9151169513990043,0.0018577196978020259,43.67765415683504
4209.999999995034,0.9145066362666379,0.0018062552004748332,43.60910106896283
4210.399999995025,0.9143548549720013,0.001774116113212397,43.553104079565735
4210.799999995015,0.9140518609106473,0.0017493378362034883,43.63594598504564
4211.199999995006,0.9143048670933824,0.0016758491438758005,43.689410787983576
4211.599999994996,0.9153340538942873,0.0016679849441283317,43.656441848254126
4211.999999994987,0.9158465292853136,0.0015356586208763621,43.504466646082
4212.399999994977,0.9145763259091747,0.0014842540647608564,43.579580466545806
4212.799999994968,0.9131309110860458,0.0015765085691953438,43.584482444655556
4213.1999999949585,0.9116242929084905,0.0016559368243355033,43.67956246377599
4213.599999994949,0.9111466707971695,0.0016754100066648954,43.757090381249256
4213.99999999494,0.9114007377430379,0.0016594654651354741,43.646886164449604
4214.39999999493,0.9133496094515301,0.0014333315109649161,43.35351124909221
4214.799999994921,0.9141034624368597,0.001323763932202496,43.07996117273753
4215.199999994911,0.9138884960684241,0.0014531770134519116,43.07167282525581
4215.599999994902,0.9133087754976493,0.00170427863807943,43.25781614404319
4215.999999994892,0.9133078559152006,0.0019722406419910295,43.515510067811114
4216.399999994883,0.9133347219661624,0.0023090834178451165,43.94096181094786
4216.799999994873,0.9145758122928054,0.0024296206143958926,44.14145639819959
4217.199999994864,0.9153019230879886,0.0021525629706327857,43.90953797757531
4217.599999994854,0.9141871841137708,0.0018818169490688993,43.65800808148491
4217.999999994845,0.9136305986165476,0.0016912822192469154,43.61681212986828
4218.3999999948355,0.9130085341170516,0.001744770659679612,43.70636647827344
4218.799999994826,0.9134071094137309,0.0019212282866897697,43.72080233712354
4219.199999994817,0.9160868771015316,0.002088217878702484,43.840279915114834
4219.599999994807,0.9188101867316966,0.0020761999175486342,43.85053934122165
4219.999999994798,0.9179433000367035,0.0019985433106951833,43.84966807291324
4220.399999994788,0.917002214171341,0.0019608320356478428,43.64880031505774
4220.799999994779,0.9168794754787298,0.002100239352678302,43.7297518664585
4221.199999994769,0.9164730063113969,0.0020304070329299974,43.75407159640096
4221.59999999476,0.9161930911916587,0.00202833667583069,43.92516063941473
4221.99999999475,0.9145770340688616,0.0023972559087294585,44.086943638490276
4222.399999994741,0.9126587908929095,0.002127431431178852,43.95133035545192
4222.7999999947315,0.9115554269793084,0.0021392583383949212,44.142681311527596
4223.199999994722,0.9107953842053205,0.0019171023477092466,43.836001313194885
4223.599999994713,0.9110903503648033,0.001785448188320303,43.67822580091253
4223.999999994703,0.9125847972310257,0.001672462259411831,43.436896653675014
4224.399999994694,0.9126497505649974,0.001603166113008212,43.40407486401861
4224.799999994684,0.9131860917681316,0.0016050938118880036,43.45919417524181
4225.199999994675,0.9135457640658897,0.0015593507786557253,43.53951011465265
4225.599999994665,0.913311170240121,0.0015752466698874396,43.476854657787065
4225.999999994656,0.9127121404860379,0.0019849612650720203,43.77818345241116
4226.399999994646,0.9103496975022397,0.0024026053077205772,44.248936864305506
4226.799999994637,0.9083605619153485,0.0021320900397331696,43.991772668765776
4227.199999994627,0.9072959000652587,0.0019219406846406964,43.75713523854201
4227.599999994618,0.9074641829055837,0.001815569967355748,43.592607929981924
4227.9999999946085,0.9094316115448179,0.0016514787845874827,43.45711238133483
4228.399999994599,0.9110147205726328,0.00173464870506617,43.42984132417123
4228.79999999459,0.9126342558613543,0.0018551898263317991,43.29217624753157
4229.19999999458,0.9141893566470983,0.002054338318032015,43.33643908760707
4229.599999994571,0.9156496951895527,0.0024476068674717,43.506525521930314
4229.999999994561,0.9171088142249376,0.0025108068044037628,43.71213132701468
4230.399999994552,0.9177951611418601,0.0023664349641886982,43.87032831810284
4230.799999994542,0.9153121987147353,0.0023141334145318263,44.0141081917163
4231.199999994533,0.9126220976203672,0.0021530464951294618,44.074480500140226
4231.599999994523,0.912380738759683,0.0021664272162686717,44.26540985340562
4231.999999994514,0.911339795333786,0.002253646157096778,44.36790961873056
4232.3999999945045,0.9122422983366248,0.002275020381567585,44.27367760587303
4232.799999994495,0.9137958384823529,0.0022954530893626894,44.34298896197063
4233.199999994486,0.9130003642804467,0.0023137802078418775,44.52559081117681
4233.599999994476,0.9113438006948299,0.002525204698017969,45.03659386148274
4233.999999994467,0.9123851216685152,0.002396307080055919,44.69817527224236
4234.399999994457,0.9133768703626021,0.0021029934664353717,44.090622643189036
4234.799999994448,0.9138660775394533,0.0020400079503311865,44.06688882553608
4235.199999994438,0.9125969844053506,0.002118662618020585,44.18598293250799
4235.599999994429,0.9107817505409225,0.0019719062590163343,44.19795867888481
4235.999999994419,0.9078253519089735,0.0017443276197579897,43.960269145172724
4236.39999999441,0.9057924187438136,0.0015761088496579199,43.71233012832793
4236.7999999944,0.905927635583742,0.0016286142386071237,43.661361664218624
4237.199999994391,0.9072687036680265,0.0017242642881247895,43.72107772757353
4237.5999999943815,0.9077433705607052,0.0016785536784845135,43.701778285010896
4237.999999994372,0.9069392344010936,0.001706869985064969,43.712123864688685
4238.399999994363,0.9069251442023533,0.0017340215111215967,43.71846145150439
4238.799999994353,0.9074518012138711,0.0015611775883732574,43.37800231045272
4239.199999994344,0.9080282002671475,0.0014210962934550963,43.26786443164515
4239.599999994334,0.9067462356204232,0.0015842374297652725,43.56457889508185
4239.999999994325,0.9047155341512944,0.0018509000431129218,43.84977263132028
4240.399999994315,0.9044311025099528,0.002001025241799873,44.03504217060641
4240.799999994306,0.9048099095869228,0.0019279379501983462,43.960489936330134
4241.199999994296,0.9048861294403011,0.001821510303961348,43.89164156978979
4241.599999994287,0.9052739582467457,0.0018910679724968135,43.966263002244645
4241.9999999942775,0.906031969894349,0.001830497808979139,43.988593629273744
4242.399999994268,0.9041257086671481,0.0018710592036649733,44.09949868972228
4242.7999999942585,0.9043791054146695,0.00185660159547809,44.03259273392133
4243.199999994249,0.9051218434135047,0.0018159023916065782,43.90735766442991
4243.59999999424,0.90441107806919,0.0019034576678162404,43.93796682167227
4243.99999999423,0.9037905031732408,0.001922594221931844,44.03139689164319
4244.399999994221,0.9013955135316135,0.001800551679069396,44.04618136332146
4244.799999994211,0.9011279874343826,0.001845878148643906,44.20189469134966
4245.199999994202,0.9011683206962264,0.0018102320232569172,43.870430491059736
4245.599999994192,0.8993950834315726,0.0018698047585926517,43.79533842877817
4245.999999994183,0.8979913895080244,0.001952983341439683,43.90329848304535
4246.399999994173,0.8988912233387878,0.0019924161588699735,43.825914879102136
4246.799999994164,0.8988300578111178,0.0017761256902902082,43.56715250115054
4247.1999999941545,0.8985467817870046,0.001610112935844339,43.2843260447752
4247.599999994145,0.8980933942781066,0.0016580250307563042,43.29355495152189
4247.999999994136,0.8970112481734097,0.0017518739562897966,43.50357753167033
4248.399999994126,0.8956156414625033,0.0020870025938464144,43.872575614048465
4248.799999994117,0.8963676962780288,0.0018466354280310658,43.60039510428353
4249.199999994107,0.8968894412507475,0.002000320421157669,43.68811611469851
4249.599999994098,0.8975824244172234,0.002091166793675428,43.795068136483565
4249.999999994088,0.8975101808415622,0.002095211767816851,43.91913324221478
4250.399999994079,0.8995499415270367,0.0019944402417261995,43.75102078138007
4250.799999994069,0.9009789091966519,0.0019665654427149706,43.7658164206366
4251.19999999406,0.9031186200398246,0.002024853685621506,43.966456542965425
4251.59999999405,0.9035631765167279,0.001823222209558859,43.72492802503513
4251.999999994041,0.903761655104314,0.001838882397354452,43.713356199820346
4252.3999999940315,0.903209193581658,0.002044170477363719,44.004054667807296
4252.799999994022,0.9039709784680006,0.002135618013092068,44.14668520716675
4253.199999994013,0.9042730806034451,0.001991560171639636,44.02323704148352
4253.599999994003,0.9028749622242933,0.0018082695533003096,43.828779292083794
4253.999999993994,0.9029370225497062,0.00168171637726607,43.71420003852691
4254.399999993984,0.9031029638412216,0.0016813483690376334,43.85442030714195
4254.799999993975,0.9020985561109707,0.001588385513429671,43.697297633640794
4255.199999993965,0.9031955660941863,0.0015095769405262147,43.618657365692634
4255.599999993956,0.9035553800447218,0.0015677255766061954,43.58015870641054
4255.999999993946,0.9045058093498801,0.0016012356360661079,43.35510435916278
4256.399999993937,0.905357060618733,0.001860248665584041,43.384874086538034
4256.7999999939275,0.9062804062554043,0.001825126130157672,43.240231243017284
4257.199999993918,0.9072643924808869,0.0018513186262098793,43.150469499183416
4257.599999993909,0.9091539812249763,0.002043998178935333,43.19113267757718
4257.999999993899,0.9110318540109158,0.002236896493401034,43.313227262987525
4258.39999999389,0.911572157855259,0.0023890200237209392,43.49311198792615
4258.79999999388,0.9129303965459296,0.002531088220048309,43.82959398983634
4259.199999993871,0.9148074553535879,0.002453083674857051,43.9754469416255
4259.599999993861,0.9145406224494197,0.0022942651537319826,43.9559358079501
4259.999999993852,0.9130663311848278,0.0022358304749996003,44.057202591641385
4260.399999993842,0.9129687890133076,0.0023239039637954506,44.30294363316396
4260.799999993833,0.9131283313744817,0.002405955864866307,44.317937434946224
4261.199999993823,0.91281283191186,0.0024383184799165254,44.396981847567254
4261.599999993814,0.9113471820808288,0.002127984247926373,43.9801780284743
4261.9999999938045,0.9119969157488322,0.001940694934135043,43.82553332777305
4262.399999993795,0.9129277077823401,0.0018510936957546013,43.79617743883707
4262.799999993786,0.9128610091969398,0.001776915730347276,43.866209842025384
4263.199999993776,0.9126017448831207,0.0017637643984239613,43.873026071117174
4263.599999993767,0.9121135419331754,0.00164517849941584,43.602542488360356
4263.999999993757,0.9117143174879826,0.0014973479359327083,43.506848019841556
4264.399999993748,0.9108821128390814,0.0013882591635097272,43.40802477686437
4264.799999993738,0.9110318890534347,0.001290759479501768,43.24946512808359
4265.199999993729,0.9110298051816031,0.0012666304770933548,43.30344854526846
4265.599999993719,0.9117843468543234,0.0013923310211968656,43.59889087898016
4265.99999999371,0.9121532356686245,0.0014633376771080889,43.58013813503579
4266.3999999937005,0.9128826691692945,0.001457841070353879,43.394863109906474
4266.799999993691,0.9130579304455442,0.001428078253087293,43.14285076360312
4267.199999993682,0.9123006280537267,0.0014822912914454905,43.030388293178405
4267.599999993672,0.911964663683243,0.0016602347230479683,43.13416848134738
4267.999999993663,0.912432164835292,0.0017762660194530614,43.31721406225312
4268.399999993653,0.9129946869038141,0.001935179037207756,43.56940834072942
4268.799999993644,0.9131243621368738,0.0020967732049819022,43.77231813300427
4269.199999993634,0.9132390063906234,0.0018693079145064913,43.61878226151135
4269.599999993625,0.9125090003345935,0.0017649455189829618,43.52643109063451
4269.999999993615,0.9113848609511297,0.0019271210188075638,43.65512295278021
4270.399999993606,0.9109908808166716,0.0019505750944319499,43.67200181560203
4270.799999993596,0.9107154614910111,0.0018554340566684822,43.70573123174267
4271.199999993587,0.9102662574331628,0.0016787962508391925,43.602683909520046
4271.5999999935775,0.9102482462124913,0.001627752135724166,43.54855235110134
4271.999999993568,0.9104920972490038,0.0017289197576214345,43.59541459254543
4272.399999993559,0.9127766397476685,0.0015825223261575943,43.40545981034262
4272.799999993549,0.9147247974942818,0.001487635176584698,43.22343963134091
4273.19999999354,0.9157943549943357,0.0015241131759492364,43.15978860503888
4273.59999999353,0.9155063270907297,0.0016095969300364051,43.29569362938964
4273.999999993521,0.9161934039628891,0.0018057660008275976,43.5512844159711
4274.399999993511,0.916196763825505,0.002073721485613543,43.77228244087347
4274.799999993502,0.9168757199706298,0.002295088490908099,44.05743829620911
4275.199999993492,0.9157381876840801,0.0023372466807930936,44.25087263874471
4275.599999993483,0.9155353745364873,0.0022979387204313125,44.16903054243977
4275.9999999934735,0.9172214238817288,0.0022373483518830454,43.90430345291148
4276.399999993464,0.9182228597367919,0.002181127852692899,43.93534976821213
4276.799999993455,0.9169464504113672,0.0024837630921416064,44.296909206895414
4277.199999993445,0.9149265767381197,0.002325180221177664,44.33592012084654
4277.599999993436,0.9147250763718001,0.001973360852500143,43.95922094111615
4277.999999993426,0.9148262505497562,0.0015459114538961265,43.50618425145982
4278.399999993417,0.9146160673349568,0.0015159681324816235,43.51485791136108
4278.799999993407,0.9142181973642027,0.0015278728157103474,43.56509950992748
4279.199999993398,0.9127505975931808,0.0015395619945304854,43.59762919707693
4279.599999993388,0.9119197215956294,0.0014911123466230638,43.49133544629658
4279.999999993379,0.9117390494466262,0.0016443785275965766,43.529515013228696
4280.399999993369,0.9133930029343814,0.0019375809345992241,43.772617091351975
4280.79999999336,0.9134697311137941,0.0020205791591073287,43.99154777923182
4281.1999999933505,0.9115255541714851,0.0018916165990598853,43.82843424196538
4281.599999993341,0.9102524381508489,0.0019201135401152314,43.75659383641473
4281.999999993332,0.9089121511267915,0.0018264847693670399,43.55434903779214
4282.399999993322,0.9097059118683327,0.0016140462089314247,43.33822037048184
4282.799999993313,0.9110289189997447,0.0014891515573880094,43.29476430914567
4283.199999993303,0.9116053690741998,0.001521418334092505,43.228859027186736
4283.599999993294,0.9131012475604439,0.0016002702648260645,43.21136278619649
4283.999999993284,0.9133699329728974,0.0017384587188292652,43.359602862836915
4284.399999993275,0.9138373482521651,0.0019280145767945774,43.69937226752454
4284.799999993265,0.914216881429416,0.0019893489068952786,43.88660805934273
4285.199999993256,0.9141777340431542,0.002016275367909096,43.8170102129497
4285.5999999932465,0.913361417491032,0.002044787144425252,43.825728347467376
4285.999999993237,0.9128660845519251,0.0019596597922611034,43.744594303178204
4286.3999999932275,0.9134826495283889,0.0020685372010010223,43.72334586378937
4286.799999993218,0.9137515752222144,0.002181374999516528,43.91621457924868
4287.199999993209,0.9133456684505649,0.002162901877747064,43.91102733120424
4287.599999993199,0.9137118998177243,0.002251736506287649,43.976034375784316
4287.99999999319,0.9148739506410121,0.002332998742924315,44.161166793548475
4288.39999999318,0.9152264062017781,0.002277669654985566,44.30414070968374
4288.799999993171,0.9165393584160252,0.002002218783022504,44.093081006501
4289.199999993161,0.9173250073941357,0.001999475095651572,43.919269934671
4289.599999993152,0.9168967723807202,0.0017408553093913263,43.60891270793565
4289.999999993142,0.9174289672242143,0.0015202200267921675,43.37485375442838
4290.399999993133,0.9166703632236223,0.0017044043273946841,43.48350254504169
4290.7999999931235,0.9166560068639075,0.001739097826933034,43.57980450309221
4291.199999993114,0.9162608385681077,0.0015445095196217839,43.332289232124296
4291.599999993105,0.9153481583082944,0.001465894625591875,43.17125669194084
4291.999999993095,0.9146218206819298,0.0014099586562823048,43.130550553104904
4292.399999993086,0.9138010418029874,0.0014369581244203509,43.227005310315405
4292.799999993076,0.9130114990265613,0.0014547920132005055,43.20280871041
4293.199999993067,0.912341805091926,0.0014975227095545293,43.158310568298155
4293.599999993057,0.9122167719953423,0.0014910225835329883,43.1907519287089
4293.999999993048,0.9121671603047291,0.0015172437931479238,43.29681885221201
4294.399999993038,0.9110151682907174,0.0016848590925865102,43.49875736637888
4294.799999993029,0.9117044000226244,0.0018008001124421005,43.64518481740061
4295.199999993019,0.9111692557565076,0.0018162874163341284,43.728578197537466
4295.59999999301,0.9107138189289821,0.0016584011270947459,43.57449621933629
4295.9999999930005,0.9114760512817021,0.0015615018673350773,43.50523212493183
4296.399999992991,0.9129944712776599,0.0016434355757550738,43.60280733586824
4296.799999992982,0.9149389662813586,0.001776341385173113,43.64828678152041
4297.199999992972,0.9154256098227679,0.0020349436149168314,43.70743585062575
4297.599999992963,0.9173590231408664,0.002401138253028196,43.82984078623622
4297.999999992953,0.9190425631054963,0.0026814595261409418,44.100431919075625
4298.399999992944,0.9194435120118337,0.002265379719248848,43.9465625789564
4298.799999992934,0.9194127988790894,0.0021882052048393785,44.04431564880973
4299.199999992925,0.9186729456883417,0.0023093117295795267,44.24558267182638
4299.599999992915,0.9177687514276646,0.002378224919884861,44.34046652504575
4299.999999992906,0.9170244757505017,0.002315897128615217,44.312616022491646
4300.3999999928965,0.9191024712747855,0.0020452063388923082,44.02735139002071
4300.799999992887,0.9200319812653177,0.001525186282782866,43.430960862614555
4301.199999992878,0.9203814567278544,0.0014952956313877335,43.26542066326448
4301.599999992868,0.9208191024938767,0.0017112282653992622,43.367783839143556
4301.999999992859,0.9204125622650084,0.001778119100689385,43.335347701610814
4302.399999992849,0.9211323600959872,0.00210235294033806,43.48465499682657
4302.79999999284,0.9227051097445623,0.0023441423604918664,43.67849697844804
4303.19999999283,0.9242199507430328,0.0024800872285525234,43.826990375500024
4303.599999992821,0.9244453820133647,0.0023280230962724447,43.77253674291708
4303.999999992811,0.9234773376936191,0.002454158164109224,43.83021128756743
4304.399999992802,0.9238048927407728,0.002369935634559943,43.702427823456674
4304.799999992792,0.9235403654905436,0.0022939151430895707,43.867041525423396
4305.199999992783,0.9233147126723471,0.002322153321880525,44.17778180537946
4305.5999999927735,0.923859762246149,0.0023960928296077834,44.3685095675543
4305.999999992764,0.9222883140117315,0.002232332578136088,44.191996679654956
4306.399999992755,0.9220548996737699,0.002135364751354466,44.10985539717198
4306.799999992745,0.9227010919098824,0.001909732553576898,44.041037344175116
4307.199999992736,0.9211305581537057,0.0018451102828990248,44.00132297693961
4307.599999992726,0.9202868770097753,0.001778275758294031,43.8515150348599
4307.999999992717,0.9202392656934149,0.0016727795126430264,43.703477410097555
4308.399999992707,0.9203277158597117,0.001620641375745718,43.65529410756339
4308.799999992698,0.9199796553239,0.0014311732126267537,43.42594351969162
4309.199999992688,0.9187908253870686,0.001385445717074006,43.323665777320514
4309.599999992679,0.9177993684844254,0.001482657147227577,43.339994540435505
4309.9999999926695,0.9180377116975501,0.0016324672859332168,43.38852295914168
4310.39999999266,0.9187849401464063,0.0017166687586380107,43.54356834478844
4310.799999992651,0.9192569201065478,0.0017716067433912977,43.82730777830816
4311.199999992641,0.918197736925915,0.0018192380816969699,43.963100894230564
4311.599999992632,0.917670949545864,0.0017685854606871584,43.8575119798843
4311.999999992622,0.9171761690502499,0.0016571279434605174,43.69502311645351
4312.399999992613,0.9174605546105421,0.0015820644792240775,43.58888565165188
4312.799999992603,0.9183877550548314,0.0016364905279265696,43.655416932761455
4313.199999992594,0.9188223305172795,0.001702418934604847,43.75338107846968
4313.599999992584,0.9190911683637947,0.0018069228852496443,43.90408729651078
4313.999999992575,0.920619559881144,0.0019527827224447545,44.004009427043144
4314.399999992565,0.921401877625462,0.002074718302674492,43.903090936095616
4314.799999992556,0.9205846931262734,0.002246598018098713,43.969266257731796
4315.1999999925465,0.9225729528973796,0.002305804123954016,44.001688192550645
4315.599999992537,0.9249051625227339,0.002166860838963196,43.781334013543095
4315.999999992528,0.9252555042488806,0.00200589591595976,43.65295804746661
4316.399999992518,0.9266055353924054,0.001989419723319147,43.57393553886663
4316.799999992509,0.9270137541584981,0.002071842262521131,43.53248439573965
4317.199999992499,0.9276604747577504,0.00219695862021163,43.7774681663984
4317.59999999249,0.9271627725493944,0.0021328909733054793,43.87560669015034
4317.99999999248,0.9271117313573979,0.0020531992983818495,43.98472629646577
4318.399999992471,0.9262650491470144,0.0024433651445825975,44.788374204721976
4318.799999992461,0.9240401794377595,0.002421232862966563,44.97252712789419
4319.199999992452,0.9226239694481007,0.002248314733388705,44.257129415197326
4319.5999999924425,0.9222455458670327,0.0020063556174618343,43.78522895999869
4319.999999992433,0.9217187958586263,0.0018266208933144683,43.701958522945965
4320.399999992424,0.9203870438686095,0.0017044535377692305,43.52358245420304
4320.799999992414,0.9202954215273518,0.0017399324731594047,43.612007558523324
4321.199999992405,0.9200867890156443,0.0018208628471986519,43.63146596956782
4321.599999992395,0.921389942969962,0.0017966610214907239,43.52928644975087
4321.999999992386,0.9233780053714108,0.001821019727195297,43.593878038133944
4322.399999992376,0.9241976954068982,0.0019990737544392377,43.792512983889296
4322.799999992367,0.9247683508975513,0.0021564370548351496,44.10414245764595
4323.199999992357,0.9259170344635341,0.0020426989181886322,43.96918479765177
4323.599999992348,0.9250840932126344,0.0017774568732711947,43.69173049910275
4323.999999992338,0.9228237009235842,0.0016656199947100879,43.55702545603172
4324.399999992329,0.9216150186058484,0.0016329621335344463,43.46620323847627
4324.7999999923195,0.921299577839326,0.0017949020779801734,43.57127643759878
4325.19999999231,0.9207179562613067,0.0020748743418347684,43.922414092551556
4325.599999992301,0.9189775382957496,0.002115389765949175,44.00140715293365
4325.999999992291,0.9166380213966,0.002011759057604398,44.0717928174378
4326.399999992282,0.9153790315145521,0.0020341106709436145,44.37143397613162
4326.799999992272,0.9173292772014817,0.0021926841419701443,44.68496176764493
4327.199999992263,0.915571222675781,0.0021404338428453627,44.807593840462864
4327.599999992253,0.9125691149355439,0.0019420937683044955,44.51346471100928
4327.999999992244,0.9132986180412257,0.0017253200899287073,44.10457960726201
4328.399999992234,0.913463882574055,0.001587764857404238,43.76701911222462
4328.799999992225,0.9128951293275358,0.0017634115736998438,43.69305461719257
4329.199999992215,0.9117022384521882,0.0020430621957057173,43.986992525686276
4329.599999992206,0.9112597369827571,0.002017909897839681,44.03977306157669
4329.9999999921965,0.9129281336405275,0.0019644705893159553,44.025523112030825
4330.399999992187,0.9142433533863871,0.001888083301854654,43.76989059973837
4330.799999992178,0.9142438733318441,0.001849219013677949,43.63665494802325
4331.199999992168,0.9152451548025686,0.0017589774949409646,43.67709875077628
4331.599999992159,0.9153776030326335,0.0017332100385473751,43.64011999255466
4331.999999992149,0.9144069249185839,0.001986934378056378,43.69318356147088
4332.39999999214,0.9150674841695746,0.0022070414861121023,43.80279144642189
4332.79999999213,0.9150639858422064,0.002301643751381795,43.84884558312956
4333.199999992121,0.9127316039650425,0.0020859703365976026,43.725396218299394
4333.599999992111,0.9123117202810186,0.002265845207998202,44.0046606245489
4333.999999992102,0.9104751809375711,0.002333618182509098,44.23806913316458
4334.3999999920925,0.9100009324598728,0.002217826293401409,44.29011583164524
4334.799999992083,0.9102365548114615,0.002120651082803508,44.34473338909445
4335.199999992074,0.9100565757023065,0.0021356844119943025,44.562335278055215
4335.599999992064,0.9106721129101141,0.0023619197776912687,44.90430949502032
4335.999999992055,0.9110912797145334,0.0028198636485227096,45.21484170902805
4336.399999992045,0.90945622586809,0.0030449978766833525,45.32531969568163
4336.799999992036,0.9062283010014746,0.0030922428527877747,45.111622872792395
4337.199999992026,0.9068560907982873,0.002946060881335155,44.971711749268586
4337.599999992017,0.9055852699034682,0.0030778975155176715,44.97430548779314
4337.999999992007,0.906591415720698,0.0028311475100727406,44.88561703094483
4338.399999991998,0.9062829185669714,0.0023210314911651904,44.516673829803715
4338.799999991988,0.9052485083452897,0.00204012776904865,44.344645291778434
4339.199999991979,0.9024151196018849,0.001977133014127629,44.208738428443596
4339.5999999919695,0.9000241218058538,0.0019092145862472836,44.212376267912155
4339.99999999196,0.8991181775324213,0.0017849477252579985,44.23867175155847
4340.399999991951,0.8981863512684687,0.0016685858580348955,43.95158325901778
4340.799999991941,0.897490917019904,0.0017391013935735826,43.8391429719669
4341.199999991932,0.8972097194896872,0.001817935505045394,43.803575159581015
4341.599999991922,0.8968927486723143,0.001713660636448463,43.82597209850915
4341.999999991913,0.8964411700670124,0.001535535496274699,43.718127821077864
4342.399999991903,0.8955895499069351,0.0014872237486261858,43.65790012326025
4342.799999991894,0.8949859177269855,0.0014145278038080382,43.526807845274874
4343.199999991884,0.8944394857854253,0.0014240100397093548,43.57295374560932
4343.599999991875,0.8973531206634516,0.0013947781989170126,43.37880355510817
4343.9999999918655,0.899623878462474,0.0015382522058463401,43.38864678786798
4344.399999991856,0.899965023493862,0.0018618553701286117,43.61906557724843
4344.799999991847,0.9007823692543456,0.0020096676176572298,43.762675460406484
4345.199999991837,0.9022315824278655,0.0021894411024325064,44.019700398206
4345.599999991828,0.9026919011939825,0.0022879283136661957,44.2675860179954
4345.999999991818,0.9000874224355868,0.0023505996714432015,44.18201459781912
4346.399999991809,0.897610842530073,0.0021536431464928086,44.01368488311814
4346.799999991799,0.8959679563284684,0.0019697500213412054,43.9110263708949
4347.19999999179,0.8952092872597912,0.001723610693720661,43.68049453069653
4347.59999999178,0.8946603360113133,0.0015369620358008354,43.52138733982632
4347.999999991771,0.8940515970997142,0.001420304307651294,43.552824993146515
4348.399999991761,0.8932839382090753,0.001341015500747252,43.40808374155727
4348.799999991752,0.8936486177961884,0.0012792300872112262,43.30049266641502
4349.1999999917425,0.8944703925661469,0.0012867619100787667,43.21596467033682
4349.599999991733,0.8951581824059112,0.0012192121526504634,43.03316698807686
4349.999999991724,0.8960736186699688,0.0012229134692565283,43.02295716080798
4350.399999991714,0.8961328261971047,0.0013919063025615399,43.04704767246698
4350.799999991705,0.8966021449603061,0.0015864345709873994,43.279677357428646
4351.199999991695,0.8978715806544674,0.0016267835585713308,43.44766299576254
4351.599999991686,0.8996081494747518,0.0017001520443675048,43.52900887115116
4351.999999991676,0.9002738856563804,0.0017685592617281045,43.688015129730196
4352.399999991667,0.8996009229553485,0.0016768547332291282,43.59953101041404
4352.799999991657,0.8992073231150799,0.001602372366020115,43.49755794090698
4353.199999991648,0.899652250363311,0.0016794393000032768,43.7058243238887
4353.5999999916385,0.9008092112655331,0.001884264237420611,44.0534981364864
4353.999999991629,0.90145438305703,0.002064251759173831,44.243349186824894
4354.39999999162,0.9006848695169697,0.0020382070614842003,44.195982865808816
4354.79999999161,0.9009107290831068,0.0019974986448318415,44.076742692953886
4355.199999991601,0.9008588980474695,0.0022286323381578814,44.26368044055948
4355.599999991591,0.8997447917404853,0.002344027232420102,44.42454948183007
4355.999999991582,0.8982926844101703,0.002097864555346614,44.197746760997425
4356.399999991572,0.8972926904811972,0.0018749439000792108,44.028955680897845
4356.799999991563,0.896997838638503,0.0016739951852380035,43.74707434307994
4357.199999991553,0.896835569039389,0.001592890947835632,43.59093507954359
4357.599999991544,0.8966706450913956,0.0014371314691982468,43.34518363271295
4357.999999991534,0.8960483681960856,0.001332807658442375,43.18792538299386
4358.399999991525,0.8954643626854919,0.0011720953870710219,43.045071811472816
4358.7999999915155,0.8952333722972319,0.001111116947025295,42.94919392350099
4359.199999991506,0.895731785440848,0.0010857300891677815,42.86648546461971
4359.599999991497,0.896676197878184,0.0011747527651543076,42.818442797534466
4359.999999991487,0.8968322564092345,0.0011525554979398786,42.74193420291532
4360.399999991478,0.8959947989372608,0.0011761330264668489,42.85379125240984
4360.799999991468,0.8960962835669751,0.0013110485508855125,43.118892547504466
4361.199999991459,0.8961933394533337,0.0014796244392490483,43.315625092468565
4361.599999991449,0.8963202562558026,0.0016630425601008123,43.3646998527412
4361.99999999144,0.8964057553683148,0.0017844474290618756,43.418210451586006
4362.39999999143,0.8966752228864477,0.0019084810830023635,43.62149892057269
4362.799999991421,0.8974436428617566,0.0018915797719233935,43.84526365290184
4363.1999999914115,0.8977752627111528,0.0020682067445015723,44.22775635993279
4363.599999991402,0.8965396381523428,0.002021253571325325,43.94675966002396
4363.9999999913925,0.8973978862555125,0.001883884305583249,43.82196996546056
4364.399999991383,0.8986467174470955,0.001760303128700037,43.70920998908657
4364.799999991374,0.8993048722208334,0.0016119634459992444,43.45034381303274
4365.199999991364,0.900121384354794,0.0015586287135223595,43.29771488855881
4365.599999991355,0.9014801396932032,0.00165338077561444,43.30120750741094
4365.999999991345,0.9019026994616621,0.0016991948581881974,43.39958111993346
4366.399999991336,0.9010062610787914,0.0018654365671764784,43.749618803773345
4366.799999991326,0.9008503490413374,0.001832976744863679,43.958018444105015
4367.199999991317,0.90109009399214,0.001661432516963063,43.8784445723492
4367.599999991307,0.9003038981923521,0.0017804174436523734,44.09191670725862
4367.999999991298,0.8995898112815273,0.0017342558433654429,43.94990679209589
4368.3999999912885,0.8983686917976798,0.0016335990634446665,43.53271292314574
4368.799999991279,0.8975346982281516,0.0016892726170474625,43.39202344059298
4369.19999999127,0.89706554609763,0.0019295125370630893,43.71922920646255
4369.59999999126,0.8959851511223652,0.0020914407871712812,43.80773903255803
4369.999999991251,0.8954657580289718,0.001869191723413461,43.70426102681485
4370.399999991241,0.8949183304482905,0.00179273239766754,43.66897987835878
4370.799999991232,0.8944992476642927,0.0016724652848829195,43.722917262224684
4371.199999991222,0.8944942640229206,0.00168343248389175,43.73901625831957
4371.599999991213,0.8940586642458469,0.0016481691134481535,43.654410876377455
4371.999999991203,0.8941012263335949,0.0015155702407943152,43.56340683802208
4372.399999991194,0.895608247456121,0.0015059500060828927,43.42450342909667
4372.799999991184,0.8979116027296034,0.0017651121560485364,43.50308915786305
4373.199999991175,0.8990673534619565,0.0021199639603353177,43.61068674911667
4373.5999999911655,0.8991648882385522,0.00249809561426543,43.85752834922303
4373.999999991156,0.8989235366475973,0.0025297605518017465,43.85868743397969
4374.399999991147,0.8996018410035951,0.002349005934179214,43.817638852707454
4374.799999991137,0.901512258384802,0.0022855216037043985,44.13777859503437
4375.199999991128,0.9027015751067042,0.002321075389989926,44.30663025550057
4375.599999991118,0.9039348945599941,0.0021865531288367377,44.11241556779244
4375.999999991109,0.9050310941819562,0.0018993385124162292,43.730615489531424
4376.399999991099,0.9052806274997723,0.0016965173103036435,43.36547372305144
4376.79999999109,0.905820344616684,0.0016449507163189875,43.22058583964147
4377.19999999108,0.9069880556400636,0.0015870193263968126,43.1248909885469
4377.599999991071,0.9069235664900023,0.0016937260119652617,43.29946803597088
4377.9999999910615,0.906964034676907,0.0017769158825715731,43.73351195634182
4378.399999991052,0.9070360963268355,0.0015840438663714518,43.8359897275218
4378.799999991043,0.9082461560936212,0.001317314251916023,43.40161801306488
4379.199999991033,0.9096520855252914,0.001188852613013203,43.22057021995265
4379.599999991024,0.9101153652215352,0.0011713519446037782,43.09156951364606
4379.999999991014,0.9108809937756808,0.0012324851001705944,42.974776299291214
4380.399999991005,0.9123384507362857,0.0013126042319119425,42.93437736508543
4380.799999990995,0.9137050212803328,0.0013894113960683224,43.04801133774977
4381.199999990986,0.9147411437842665,0.0014666370007076828,43.20386025593921
4381.599999990976,0.9148222959541036,0.0015361982776107808,43.29797886122564
4381.999999990967,0.9157148929574883,0.0016216051249615272,43.374060990137444
4382.399999990957,0.9169773009429472,0.0017566067457474859,43.48128314185242
4382.799999990948,0.9173520423446168,0.0018932174387566014,43.67071305907846
4383.1999999909385,0.9173855832542935,0.0019124625981413652,43.63528625789939
4383.599999990929,0.9177809870142702,0.0020426246854433217,43.63713496443814
4383.99999999092,0.9178861537917246,0.0022821293089049705,43.79332320143448
4384.39999999091,0.9173160485604355,0.002165352205659229,43.85767406850538
4384.799999990901,0.9173380858041699,0.0021326442685035943,43.90496482087175
4385.199999990891,0.9198400281791574,0.002037118948556047,43.85151683942115
4385.599999990882,0.9218417175153891,0.001953607754791806,43.7683144222809
4385.999999990872,0.9208102627116294,0.0018662865764505771,43.68762371274448
4386.399999990863,0.9206887239639975,0.0018905169930402252,43.72067620754014
4386.799999990853,0.92038588304438,0.002022180705580847,43.87444108057806
4387.199999990844,0.9197443531731577,0.0023615225203981348,44.17204265693834
4387.5999999908345,0.9195350937619188,0.002273353801226384,44.22171355420127
4387.999999990825,0.9199063901191259,0.0019030001956606897,43.88803019152348
4388.399999990816,0.920389603874116,0.0018923926012694423,43.79718833836268
4388.799999990806,0.919400543022732,0.0017222841261192883,43.663149428056784
4389.199999990797,0.9185311600964907,0.0015507799555438467,43.47154498822211
4389.599999990787,0.9180889928683102,0.0015225860210354803,43.49536763515686
4389.999999990778,0.9186562519759253,0.0015587817343557882,43.54623647610672
4390.399999990768,0.9197727482841267,0.0016198908735447406,43.651491992307
4390.799999990759,0.9209354008033608,0.0016019225623815764,43.65315153378122
4391.199999990749,0.9218530998052664,0.001599260629072533,43.702021865230776
4391.59999999074,0.9221955608504091,0.0015744200142514106,43.68064609054087
4391.99999999073,0.9203374843796187,0.0015009418882853507,43.621498452722406
4392.399999990721,0.9203837214861,0.001412570645800898,43.52979850536671
4392.7999999907115,0.9213173116851664,0.0014257321155642945,43.39181219142482
4393.199999990702,0.9220224492332415,0.0015845662315245872,43.451738887029016
4393.599999990693,0.9223652324702638,0.0017669094645163513,43.603986267770665
4393.999999990683,0.9219752987061582,0.0019001298559435836,43.74188042328412
4394.399999990674,0.9189752518389483,0.001903809873243763,43.7586667725847
4394.799999990664,0.9154828428849883,0.001901482162687641,43.8833494477951
4395.199999990655,0.9145429510143994,0.0018734177436690513,43.89174862239039
4395.599999990645,0.9135807248506009,0.0015725259946200102,43.49358616323787
4395.999999990636,0.9130121963485851,0.0015746284166380947,43.431298608930945
4396.399999990626,0.9141372511769028,0.0016720414845705796,43.63371283934
4396.799999990617,0.9128990161367074,0.0017032647905134515,43.754487299303335
4397.1999999906075,0.9125625400479845,0.0017434380143550047,43.85749875147551
4397.599999990598,0.911273697667612,0.0017364929816647483,43.8983661976177
4397.999999990589,0.9098296369907889,0.0016238737944943502,43.73949783043906
4398.399999990579,0.9095685458310141,0.001520630723903681,43.64071244000004
4398.79999999057,0.9091218222866778,0.0014939241250946813,43.584239513548845
4399.19999999056,0.9084156909864508,0.0016763583321881327,43.678509881001816
4399.599999990551,0.9090292577763809,0.0018849597726288835,43.83735791304938
4399.999999990541,0.9114553109429894,0.0021158867451123117,44.045497132384895
