t,u,tke,sdr
4000.0,1.0901344867136435,0.030745106520578946,41.42880739018323
4000.3999999999905,1.000000029680541,0.030662956500361847,41.347565471759324
4000.799999999981,1.000000070261966,0.030492307853501616,41.32517183235068
4001.1999999999716,1.000000671266978,0.03035566055774667,41.308895822682395
4001.599999999962,1.0000010046283738,0.030228866000501585,41.296898645230264
4001.9999999999527,1.0000011051717468,0.03010998556587933,41.2874821462309
4002.3999999999432,1.0000011278720669,0.030000652794170527,41.279798663400655
4002.799999999934,1.0000011588629931,0.02990235718439396,41.27359204828227
4003.1999999999243,1.0000012247775667,0.029815002807320832,41.26867768100887
4003.599999999915,1.0000013283997837,0.02973787376262582,41.26485856200756
4003.9999999999054,1.0000014685208514,0.029670161972863544,41.26193566627943
4004.399999999896,1.0000016424217788,0.029611075729093366,41.2597414891199
4004.7999999998865,1.0000018450152914,0.02955959984769125,41.258130072394536
4005.199999999877,1.0000020727667234,0.02951421860590113,41.256975613788114
4005.5999999998676,1.0000023250348098,0.029472726419106955,41.256167631720565
4005.999999999858,1.0000025974170004,0.0294321274588745,41.25560998462592
4006.3999999998487,1.0000028784828228,0.029388482807108336,41.25519807073591
4006.799999999839,1.0000031537517113,0.029336736369414383,41.25480928651817
4007.1999999998297,1.0000034052988476,0.029270560472371063,41.25428634441168
4007.5999999998203,1.000003592148063,0.029182157281909208,41.253432528314974
4007.999999999811,1.0000036508727232,0.029061865599664262,41.25204254048921
4008.3999999998014,1.0000035387539872,0.02889773423386502,41.249962650639866
4008.799999999792,1.0000032637792808,0.028676254986169252,41.24715416367844
4009.1999999997824,1.0000028574117703,0.028385468340479048,41.243769819456205
4009.599999999773,1.0000023474049278,0.0280197198096185,41.24022590836808
4009.9999999997635,1.0000017527262473,0.027582570552126894,41.23715356853218
4010.399999999754,1.0000010984561707,0.027086747585054038,41.23522403239341
4010.7999999997446,1.0000004134094262,0.026551234345056594,41.234950917361076
4011.199999999735,0.9999997324340664,0.025995472958751875,41.23646933439793
4011.5999999997257,0.9999990899084561,0.025430095804739965,41.23917219967838
4011.9999999997162,0.9999985417787206,0.024845303867080032,41.24159627494723
4012.399999999707,0.9999981750409046,0.024204926351354506,41.24183207615368
4012.7999999996973,0.9999980429529469,0.023453269050533992,41.238398530556786
4013.199999999688,0.9999981348737714,0.02254181144176389,41.23011768064807
4013.5999999996784,0.9999983978562346,0.02146143501289746,41.216222104794234
4013.999999999669,0.999998732761986,0.020257121174505077,41.196173855948985
4014.3999999996595,0.9999992463479138,0.019023669616895562,41.16952060785399
4014.79999999965,1.0000002731290276,0.01787215840756339,41.13709934674615
4015.1999999996406,1.0000020698630658,0.0168864663257489,41.10210570072423
4015.599999999631,1.0000042746285607,0.016109017328159808,41.069981624681105
4015.9999999996217,1.0000052349603985,0.015549441613882494,41.04508795985513
4016.399999999612,1.000002744794588,0.015183196825921908,41.02786997745187
4016.7999999996027,0.9999976300353799,0.014958668102590741,41.01647690321151
4017.1999999995933,0.999994382387587,0.01485809718636936,41.0124356603872
4017.599999999584,0.9999949064472864,0.014956701279579187,41.022222646101994
4017.9999999995744,0.9999948972291614,0.015492773151093906,41.05310140873521
4018.399999999565,0.9999980337928597,0.01652588429969147,41.10671928505134
4018.7999999995554,1.0000100120003945,0.01786157910299847,41.19390336739229
4019.199999999546,1.0000203802594703,0.01917569278426592,41.30981737720642
4019.5999999995365,1.0000183342207472,0.020152082841928525,41.43249826003323
4019.999999999527,1.0000129027509637,0.020586651081935404,41.466077073104934
4020.3999999995176,1.0000079827923471,0.02059733625029192,41.452333963255164
4020.799999999508,1.0000040486917632,0.020358544910898287,41.4303165477642
4021.1999999994987,1.0000012086442527,0.019985303700248105,41.40397953636757
4021.5999999994892,0.999999179072259,0.019543070398857883,41.37770160987887
4021.9999999994798,0.9999973263179393,0.019069801875771872,41.35269994649624
4022.3999999994703,0.9999953378616462,0.018588526756425163,41.33005710686221
4022.799999999461,0.9999934336433892,0.018114800102714074,41.31083806535785
4023.1999999994514,0.999991898990582,0.0176609613985122,41.29561519307224
4023.599999999442,0.9999907998112249,0.017238566031988478,41.28443713237665
4023.9999999994325,0.999989995735298,0.016859716004973827,41.27681072816393
4024.399999999423,0.9999892411832328,0.01653707370654221,41.27214883204932
4024.7999999994136,0.9999883098112244,0.016283335636404,41.26985566458165
4025.199999999404,0.9999870703032102,0.01611086488461907,41.269486361212635
4025.5999999993946,0.9999854651757303,0.016030470379980302,41.270920326618516
4025.999999999385,0.9999835047389977,0.016049001725322334,41.274095957447805
4026.3999999993757,0.9999812869188957,0.016166885007372775,41.2788871295368
4026.7999999993663,0.9999790232748441,0.016377693955467093,41.28506137141541
4027.199999999357,0.9999770325639049,0.016671120431031493,41.29286132111068
4027.5999999993473,0.9999756752243559,0.017039849286277792,41.30339538699836
4027.999999999338,0.9999753857799061,0.0174692042571579,41.31851480050083
4028.3999999993284,0.9999767620614242,0.017877708681632618,41.33826829740953
4028.799999999319,0.999980420122433,0.01806311067809851,41.357920401716434
4029.1999999993095,0.9999871250266281,0.01777061674096281,41.37061877400036
4029.5999999993,0.9999979620945044,0.016840819337222753,41.37321084976325
4029.9999999992906,1.0000142778402041,0.015293196042453262,41.3641628197792
4030.399999999281,1.0000358652914003,0.013372227168848255,41.33667390193229
4030.7999999992717,1.000059425542308,0.011480473786265735,41.281357797010465
4031.199999999262,1.0000816422269316,0.009998137702930295,41.20392101162077
4031.5999999992528,1.0000987487274393,0.009077336515543181,41.13080361107351
4031.9999999992433,1.0001069578784674,0.008583575954150779,41.07749236440424
4032.399999999234,1.000110591002817,0.00830797348548221,41.03551603150735
4032.7999999992244,1.0001169818492504,0.00812465558014668,40.99468991592557
4033.199999999215,1.0001298830322634,0.007977920496289915,40.954168913745626
4033.5999999992055,1.000150220430128,0.007844125038595141,40.91642187447702
4033.999999999196,1.0001791609666641,0.007726108413085167,40.887745763885114
4034.3999999991865,1.0002182042016872,0.007652426498627728,40.877329239535605
4034.799999999177,1.0002656113513289,0.007641726651515427,40.88725198082153
4035.1999999991676,1.000314531692916,0.007683615649095328,40.91013203050017
4035.599999999158,1.000351479794256,0.007769670747667615,40.93596852686242
4035.9999999991487,1.0003578661529036,0.007904174232729664,40.95970371386385
4036.3999999991393,1.0003221166138276,0.008079291905159663,40.98182572373428
4036.79999999913,1.0002523957357754,0.008266677421476382,41.00560265718939
4037.1999999991203,1.000171317888893,0.008437511459077233,41.0378261494515
4037.599999999111,1.000099639733328,0.008572892586085934,41.08406971524726
4037.9999999991014,1.0000499724579566,0.008648044899193382,41.14436929206023
4038.399999999092,1.000024020961591,0.008628489769380802,41.20941763118978
4038.7999999990825,1.0000160816249444,0.008496378712329286,41.26796301026051
4039.199999999073,1.0000182199107746,0.00824809508786976,41.3162370607121
4039.5999999990636,1.000023325011436,0.007904656325661051,41.356251207551196
4039.999999999054,1.0000272375755963,0.007520892734938665,41.38968100431444
4040.3999999990447,1.000029639904919,0.00717410872513412,41.413125141240094
4040.799999999035,1.000031665386101,0.006929559576312913,41.42080476098487
4041.1999999990257,1.0000330610011543,0.006797372248158951,41.40983915725075
4041.5999999990163,1.0000332601412876,0.006732860294034256,41.37939503915012
4041.999999999007,1.0000346886417422,0.006682028915153179,41.32778835178226
4042.3999999989974,1.0000453545964219,0.00660175466325041,41.254118689244564
4042.799999998988,1.0000808551660625,0.006473843913633231,41.16761483856847
4043.1999999989785,1.000157767103469,0.006323281437599143,41.09451918442221
4043.599999998969,1.0002710797861303,0.006198317418348925,41.06404587644025
4043.9999999989595,1.000362786333521,0.0061166967485251165,41.07809819670375
4044.39999999895,1.000306485818284,0.006059946158234616,41.11250582495247
4044.7999999989406,0.999948275032299,0.006003057247396913,41.159788629420646
4045.199999998931,0.9992113847323809,0.00592235487513199,41.241961759305696
4045.5999999989217,0.9981493544666918,0.005861403195725795,41.379906962651035
4045.9999999989122,0.9968759521002672,0.005849795626857462,41.58783431755995
4046.399999998903,0.9955578929057765,0.005839775600924711,41.8512511050602
4046.7999999988933,0.9949300309030913,0.005648761710003827,41.974014716840344
4047.199999998884,0.9952660562445095,0.005359134001741192,41.812066757068536
4047.5999999988744,0.996358513261154,0.005100827553465464,41.59362225122914
4047.999999998865,0.9970599734592096,0.004939216642676001,41.43612291624849
4048.3999999988555,0.9974416922063154,0.004912286202721906,41.37178499803643
4048.799999998846,0.997677717597712,0.004923686812126065,41.38903693655797
4049.1999999988366,0.9978847535628843,0.004933708207425887,41.50294181927316
4049.599999998827,0.9981300982393595,0.004903100695628059,41.69449136920245
4049.9999999988177,0.998658049534672,0.0049248611325727245,42.010590190532426
4050.399999998808,0.9997223672215839,0.005052862943822613,42.36170185600199
4050.7999999987987,1.0012081152548191,0.005174932958348334,42.68433859120597
4051.1999999987893,1.0028503143723921,0.00539359118696869,43.13437473477664
4051.59999999878,1.0038925017391982,0.0060972308134963045,43.91551387870836
4051.9999999987704,1.002311003379649,0.0059165269856527244,43.83003104139017
4052.399999998761,1.0008221531424548,0.005197148530538644,43.1195634582115
4052.7999999987514,1.000202825371467,0.004808266282954282,42.584718655878696
4053.199999998742,0.998933577367031,0.004696641393044219,42.330713686360134
4053.5999999987325,0.9979397718207803,0.004785081127312161,42.375501087600966
4053.999999998723,0.997391203281248,0.00498643371777711,42.47863240021787
4054.3999999987136,0.9965367525816389,0.0051233267302050476,42.64465642483248
4054.799999998704,0.9953046729766944,0.005155350454987571,42.82349487476913
4055.1999999986947,0.9927730567540616,0.005426426381324538,43.21746415730027
4055.5999999986852,0.9925820457598592,0.005337584607447813,43.601679892325485
4055.999999998676,0.996409961009966,0.005260525883865134,43.72210187636116
4056.3999999986663,1.0018166116409806,0.0050198749272872155,44.16325907860645
4056.799999998657,1.0025593747377206,0.005173598469133164,44.295488568717886
4057.1999999986474,1.0012640694184094,0.004732478418510989,44.38255299541334
4057.599999998638,1.0015937388622855,0.004633206488078988,44.36872623343911
4057.9999999986285,0.997698621735523,0.004398732361979231,43.60692628873438
4058.399999998619,0.9984798755379843,0.004571574419650164,43.061403651420044
4058.7999999986096,1.0009904097058981,0.004592874746653855,42.829953467789906
4059.1999999986,1.0009694115378418,0.004128319991605846,42.898101203588006
4059.5999999985906,1.000084285534694,0.004045592487027389,43.00812489572887
4059.999999998581,0.9997635624529533,0.004233534782850199,43.36818115719402
4060.3999999985717,1.0012858249416194,0.0045879016996502936,43.956424708861775
4060.7999999985623,1.0025501600294704,0.004206630687461584,43.98447183406858
4061.199999998553,1.004222795427353,0.0038037266433118317,44.336334221554566
4061.5999999985434,1.004490965745202,0.0034339167904234827,44.15077944156582
4061.999999998534,1.003619971409374,0.0033685469875211647,44.0195497062556
4062.3999999985244,1.0031382349577915,0.0033707289546803343,44.29654375937779
4062.799999998515,1.0040165134686647,0.003280587993664109,44.26888442522898
4063.1999999985055,1.004213630436069,0.003441680913856083,44.21710464932357
4063.599999998496,1.0021490786007523,0.003750792472063723,43.946080318555104
4063.9999999984866,0.9988588778967957,0.0035417189586191052,43.44152305234046
4064.399999998477,0.9961218386819476,0.003169731466501229,43.40636084539263
4064.7999999984677,0.9945082417192412,0.00329186585175674,43.71161834663522
4065.199999998458,0.9945467149882088,0.003372272347766397,44.046032007588394
4065.5999999984488,0.9943193957252102,0.003410970688086602,44.32511468371882
4065.9999999984393,0.9950904131717967,0.00325544956720166,44.56201443864269
4066.39999999843,0.9978159586750608,0.003120597228946013,44.72741754726453
4066.7999999984204,0.998085465486406,0.003066359542102731,44.86242762195131
4067.199999998411,0.9973706499029361,0.002919481395104963,44.77341767054883
4067.5999999984015,0.9959940877978785,0.0032556152041426875,44.71216712051781
4067.999999998392,0.9972564144067544,0.0032504951951624933,44.72633838952628
4068.3999999983826,0.9994006518245596,0.0032732654519309606,44.67111708325637
4068.799999998373,0.9983158714790481,0.00320852741167255,44.56372006314611
4069.1999999983636,0.9978794943945909,0.0026623599404358234,44.52299589177187
4069.599999998354,0.999786630024691,0.002328882763840203,44.172793491219096
4069.9999999983447,1.0014353034935581,0.0024326095617470587,44.08003526416871
4070.3999999983353,1.0036054519992559,0.0026333766537476534,44.21821011543169
4070.799999998326,1.0056782534007938,0.0026902651040650004,44.18258296327669
4071.1999999983163,1.00624697345328,0.0025509517543022987,44.00731543976612
4071.599999998307,1.004619531187047,0.0024003011463287,43.953791640570074
4071.9999999982974,1.0031774842541041,0.0021419071410773358,43.86948672347197
4072.399999998288,1.0024714280080547,0.0016930384143614126,43.586443681162606
4072.7999999982785,1.0015718614235598,0.0015607281306191582,43.43439273409355
4073.199999998269,0.9999659230890229,0.0016737675176763647,43.2766434855348
4073.5999999982596,0.9979971804149215,0.0020330566588455975,43.31376594781369
4073.99999999825,0.9965538992861973,0.002539045467681399,43.468317725259894
4074.3999999982407,0.9970684728193409,0.0026162593745790905,43.668280730715075
4074.799999998231,1.000427404036699,0.002594973450091888,43.9187924930958
4075.1999999982218,1.0006590387727057,0.0025783960375629724,44.19254976727213
4075.5999999982123,1.001318708292605,0.0027843445654800758,44.50445125658328
4075.999999998203,1.0011424043334194,0.0026734515955388594,44.53539659779167
4076.3999999981934,1.000319149505858,0.003178699000629797,45.405492488213646
4076.799999998184,0.9995201294238928,0.003904671402292061,46.184121752933045
4077.1999999981745,0.9972805754120858,0.0029550786863839825,44.83164310561186
4077.599999998165,0.9963308746082803,0.002189190922441524,44.060739187146446
4077.9999999981555,0.9983452909005214,0.0018520209672430602,43.61191275680781
4078.399999998146,0.9985370386027006,0.0017267649711577657,43.52072572010965
4078.7999999981366,0.9982669167232517,0.001812609543088759,43.69816505378705
4079.199999998127,0.9984550426638479,0.0017917093687222045,43.71608614966376
4079.5999999981177,0.9991711865992711,0.0018827267474355663,43.697435801995994
4079.9999999981083,1.0013177658112686,0.0022366782688938735,43.997711790735536
4080.399999998099,1.001928157492358,0.0025047699122445837,44.515171363003105
4080.7999999980893,1.0019444545143728,0.00261309335531787,44.8763598601578
4081.19999999808,1.0030951101458832,0.002228172489878195,44.291773799684265
4081.5999999980704,1.0019819775359489,0.0019974541541267162,44.15936107941077
4081.999999998061,1.0003059957811202,0.0020376391593271564,44.34249332338927
4082.3999999980515,1.0000031597066485,0.0015234603034384828,43.71712840251411
4082.799999998042,1.0004537759681005,0.0013320530128614488,43.34265153712762
4083.1999999980326,1.001046377348579,0.0012812312979116043,43.43375159687007
4083.599999998023,1.000165498947793,0.001377682061769642,43.80987510228027
4083.9999999980137,0.9992741433843595,0.0014898874758016117,44.03736677620414
4084.399999998004,1.0002319559096011,0.001683752790440177,44.191707200218694
4084.7999999979947,0.99962266208689,0.0016221244082621669,44.178205206004854
4085.1999999979853,0.9995225340482533,0.0016196405008783383,44.185279131772845
4085.599999997976,0.9982509322054053,0.0016628734637957772,44.05760177428756
4085.9999999979664,0.9965475273869965,0.001514625984572799,43.94310051340422
4086.399999997957,0.9942967971622124,0.00154599271257173,43.97172714359509
4086.7999999979475,0.9929950109287232,0.0016288826952043573,43.99119158662047
4087.199999997938,0.9922138688380024,0.0018026283614271852,44.25245951753699
4087.5999999979285,0.9922830423729407,0.0017702209328971919,44.12527042975427
4087.999999997919,0.9931246133025489,0.0017982191490987752,44.12629984122258
4088.3999999979096,0.9936602739670535,0.001857828199191112,44.15960606777181
4088.7999999979,0.9942777252061783,0.0018438399078754184,44.132860338500734
4089.1999999978907,0.9953229408069951,0.002048491111759988,44.30133288106754
4089.5999999978812,0.9962344949525076,0.0022484774575611773,44.50583008587452
4089.999999997872,0.9963251044987428,0.002223131691583002,44.40715018510856
4090.3999999978623,0.9968175283468087,0.0021477131117655784,44.110108896335355
4090.799999997853,0.9970761575091234,0.0020474272500289998,44.179687268008145
4091.1999999978434,0.9966187668929877,0.001855576806803256,44.26274253139384
4091.599999997834,0.9965192027441979,0.0019323050070215195,44.454979982189364
4091.9999999978245,0.9976731075872955,0.0020022008435432886,44.24152447686769
4092.399999997815,1.0001366462193841,0.001830462669513529,43.852011989565725
4092.7999999978056,1.0000415964892808,0.0019883823882702874,43.90562129757326
4093.199999997796,0.9993568780967549,0.002267294984538856,44.515129430088464
4093.5999999977867,0.9983561628374142,0.002431504820437807,44.6917207591478
4093.999999997777,0.9985145549241534,0.0026113866253472443,44.68949440589088
4094.3999999977677,0.9978993272950857,0.002871484760914177,45.457972013884316
4094.7999999977583,0.9964843919623821,0.0036497683528586462,46.20206259523416
4095.199999997749,0.9969260239162309,0.0032574446607171125,45.762352856211415
4095.5999999977394,0.9990203975654558,0.0029554430780561834,45.413584786544554
4095.99999999773,0.9995649964481582,0.0029031172199527468,44.95259880196249
4096.39999999772,1.000041517677706,0.0026351114670855238,44.89692177145185
4096.799999997711,0.9993058676399671,0.0022580144620514583,44.565256744764675
4097.1999999977015,0.9973829996378716,0.0020685856009260172,44.31753503608924
4097.599999997692,0.9969593196872282,0.002263188211963239,44.53392621428166
4097.999999997683,0.9972849724502426,0.0019199081545513178,44.11893729862328
4098.399999997673,0.9979794966182652,0.0018889541568067672,44.18521975427367
4098.799999997664,0.9975413198397947,0.002108186989259131,44.547465859103724
4099.199999997654,0.9967597385997867,0.002149167497088693,44.71092798423272
4099.599999997645,0.9962791287369922,0.0020763203153141186,44.60438233228483
4099.999999997635,0.9967810731211622,0.0017911060478178523,44.30643774228442
4100.399999997626,0.9980308872975209,0.0016719588151103296,44.23803109983984
4100.799999997616,0.9990270968366785,0.0017255890505738973,44.402139400027885
4101.199999997607,0.997961248065509,0.0016085630950180827,44.14132129178662
4101.5999999975975,0.9970706538933488,0.0015086269798499498,43.91614689950643
4101.999999997588,0.9975771103610194,0.0015853613238274405,43.89860820425872
4102.399999997579,0.9992474767892148,0.001689837011379396,43.97338566611343
4102.799999997569,1.0015333081395232,0.001728155422692828,44.152706566366184
4103.19999999756,1.0024447218256067,0.0016662762064016726,44.27837647331275
4103.59999999755,1.002156362520471,0.0016808967321793173,44.315151100456404
4103.999999997541,1.0009005486570237,0.0017483307630733606,44.24223132071963
4104.399999997531,1.000720810695288,0.0017096544935817487,44.28203111719753
4104.799999997522,1.0011330840818178,0.0016724987343420164,44.146583121186026
4105.199999997512,1.001512450685937,0.0017225659645399344,44.19228236390285
4105.599999997503,1.0014909142786708,0.00196430799430949,44.39086977103279
4105.999999997493,1.0016241350921964,0.0023214344731211766,44.545039974890365
4106.399999997484,1.0001183256391455,0.0024349310451158876,44.54900271436797
4106.7999999974745,0.9985679249914463,0.00246948392142569,44.56841562611026
4107.199999997465,0.9986430666323323,0.0021623270494863403,44.42130960459742
4107.599999997456,0.9977749133788664,0.0022358879534267588,44.54346307344336
4107.999999997446,0.9965844622683668,0.002410481148511709,44.67235642909775
4108.399999997437,0.9961145992578673,0.0025216120276247292,44.77309782911476
4108.799999997427,0.9977119351358515,0.002575820819189086,45.05992782715164
4109.199999997418,0.9981612900410851,0.0027123983354985256,45.146681206963976
4109.599999997408,0.9971686714202401,0.0031080806914494477,45.807761764954684
4109.999999997399,0.9973462171302607,0.002344263402353907,44.8317356749939
4110.399999997389,0.9975935360432513,0.001972380265564986,44.42628749581459
4110.79999999738,0.9967564101568479,0.002340175573367159,44.7001287750645
4111.1999999973705,0.9946292141968454,0.0022922944974381673,44.495833882446114
4111.599999997361,0.9969071582665211,0.001910360475840994,44.33328234551789
4111.999999997352,0.9998586659267996,0.001679853675500614,44.27747273884969
4112.399999997342,1.0005040522302773,0.0013139486946879444,43.83535236664215
4112.799999997333,1.0016431682446125,0.0011698652985668485,43.56750666962205
4113.199999997323,1.0009990548694405,0.0010025548917651692,43.2769114247611
4113.599999997314,1.0004149461478031,0.0010585826877253532,43.36474748512361
4113.999999997304,1.0006690562374418,0.001309037024324923,43.80108198717296
4114.399999997295,1.0004966646947235,0.0017478741019950515,44.52218816363508
4114.799999997285,1.0004830095086272,0.0021897040668403707,44.9149128546664
4115.199999997276,1.0006323474509762,0.0022283317777719402,44.532973173135076
4115.599999997266,1.0005888759653288,0.0020948085686129858,44.34691469524793
4115.999999997257,1.0005423264839222,0.0020615519717253152,44.304724633460545
4116.3999999972475,1.0009167052177907,0.0018732337972923363,44.17931824414828
4116.799999997238,1.0003975923938144,0.0021902054718936107,44.581543133200874
4117.199999997229,1.0022129048584416,0.0027239869376892542,44.980936541135044
4117.599999997219,1.001555460000224,0.003046440965612836,45.36245798416087
4117.99999999721,0.9992631819298964,0.003116976935570281,45.537889713513266
4118.3999999972,0.9988336388345284,0.0026572625174807324,45.06635826225948
4118.799999997191,0.998420207106481,0.00229426525150136,44.51875314719604
4119.199999997181,0.998959403494442,0.0020318785388114416,44.350407017817815
4119.599999997172,0.9979213724143475,0.0019010901590415198,44.24015415942887
4119.999999997162,0.9980271271556875,0.0018123263889451569,44.12733417886604
4120.399999997153,0.9984661287577177,0.0017352049171407528,44.056741761614774
4120.7999999971435,0.9988470978780616,0.0015918614264912203,43.71948468312957
4121.199999997134,0.9992858610068618,0.001547084201391951,43.66432264530192
4121.5999999971245,1.0000236678021317,0.0015408753253308323,43.69120228732867
4121.999999997115,1.0008624046512897,0.0015912145431625654,43.772054476079305
4122.399999997106,1.0015996328318653,0.0018354154707750862,43.81090559980324
4122.799999997096,1.0015407182041494,0.0019789992399444245,43.9604002457341
4123.199999997087,1.0016820360961713,0.001974828851596975,43.92678852748137
4123.599999997077,1.002605763212357,0.0019906849670022118,43.906663114900155
4123.999999997068,1.003099332225677,0.0017854301331161988,44.05123395525651
4124.399999997058,1.0020292086840679,0.0016201673674725863,44.05872752853379
4124.799999997049,1.0012317643440816,0.0015026928366508251,44.07181667619329
4125.199999997039,1.0015453867277087,0.0016164940389542723,44.29061792685917
4125.59999999703,1.0018829669528266,0.0016879674049390025,44.28433293200351
4125.9999999970205,1.0020768606064416,0.0014210777367700167,43.8643071813035
4126.399999997011,1.0012798099994287,0.0014120624598077268,43.81216158181078
4126.799999997002,1.0013760826635982,0.0014694450714131042,43.90083187224318
4127.199999996992,1.0019965959690653,0.0014311228869054195,43.78516111050724
4127.599999996983,1.0037372649956213,0.001466493551264131,43.81857043995411
4127.999999996973,1.0018188182193106,0.0014510257291896619,43.62196679281199
4128.399999996964,1.001787345119205,0.0015791256894453056,43.7050818173603
4128.799999996954,1.0015083738340582,0.001592781437114248,43.676800099999625
4129.199999996945,1.0009435240739102,0.001640353640348196,43.77753940642369
4129.599999996935,1.0026600278191404,0.0017915263395838705,43.96115750601001
4129.999999996926,1.0026050728641147,0.002122707141454465,44.24643957785979
4130.399999996916,1.0008799030311488,0.0023427455028532714,44.50013894421446
4130.799999996907,1.0002109595180093,0.0020272224953965822,44.389106330486726
4131.1999999968975,1.0006150353505692,0.0021279593962848066,44.6193856715189
4131.599999996888,1.0014077249553224,0.002175408886914062,44.56315688364194
4131.999999996879,1.0014470399949544,0.0018628455928345693,44.10719314717759
4132.399999996869,1.001645726127201,0.0015535445924046247,43.91891003615063
4132.79999999686,1.0029434522135747,0.001459769494430981,43.81983579530431
4133.19999999685,1.003022611583279,0.0014287032918472867,43.800780559592795
4133.599999996841,1.0022421130464283,0.0014186934016191522,43.68579724861798
4133.999999996831,1.001962180309832,0.0014092379211452202,43.52406590275904
4134.399999996822,1.0019469839664652,0.0013771854996062177,43.40701983221659
4134.799999996812,1.002292442630217,0.0013981149415855328,43.466780650987175
4135.199999996803,1.0021373865400318,0.0014635274885672468,43.50170797363662
4135.5999999967935,1.001765307673267,0.0013222860350123144,43.455094037337815
4135.999999996784,1.0015009053914583,0.0014280980923844213,43.6522447057182
4136.399999996775,1.0031033033309604,0.0016841390512629653,43.885275678987675
4136.799999996765,1.0033700081816235,0.0017927612194995864,43.95022204331359
4137.199999996756,1.0032953807971812,0.0019342613360279035,44.02773227845939
4137.599999996746,1.0036558949915229,0.0019451666448365478,44.05977208692097
4137.999999996737,1.0042649512409645,0.001966885807980895,44.11316078378764
4138.399999996727,1.004274997906445,0.0019214898143568404,44.157065663311485
4138.799999996718,1.0023157452885136,0.0018964834859943962,44.392229855350145
4139.199999996708,1.0002515559749494,0.0018507739801684195,44.34322441017062
4139.599999996699,0.9999866869134005,0.0018943451826226479,44.618878777888014
4139.999999996689,0.9999773251546703,0.002013407195045229,44.60934801789238
4140.39999999668,0.9988002365609009,0.0019609395804955276,44.376338608172674
4140.7999999966705,0.9989456548028545,0.0018582338511881637,44.0675321877455
4141.199999996661,0.9997948358189854,0.002139843863053648,44.08634237861547
4141.599999996652,1.0004452085893873,0.002258630854666753,44.249124032657946
4141.999999996642,1.0015710206760708,0.002420954141710972,44.53564266586804
4142.399999996633,1.0007123291800082,0.00260828720896127,44.96594461768997
4142.799999996623,0.9992316269336545,0.00273018395881152,45.20486564899432
4143.199999996614,1.000013116629493,0.0026659758269700967,44.92952907549639
4143.599999996604,0.9997590264390744,0.0021241405407812133,44.21314284588565
4143.999999996595,1.0009402461731998,0.0019985257117426884,44.02623140199711
4144.399999996585,1.0019311139235172,0.0018241317179959807,44.035247703542616
4144.799999996576,1.0016438247919197,0.0018530959943806739,44.17493042586422
4145.1999999965665,1.0008833859981037,0.0018983008687133074,44.24150539620548
4145.599999996557,0.9996772431007783,0.0023522399703933207,44.77740793454657
4145.999999996548,1.000101067062847,0.0024473224475502426,44.79784913651424
4146.399999996538,1.002108954957431,0.0022822378297875923,44.89045922593665
4146.799999996529,1.001994036343251,0.001982712730390599,44.50303918410029
4147.199999996519,1.0009037914321754,0.0018084213470198113,44.338891913498436
4147.59999999651,1.0001177086726423,0.0021481956297214728,44.7359359588583
4147.9999999965,1.0001531031687898,0.0024277762210982226,45.07130368006364
4148.399999996491,0.9993961695370909,0.0024890814130083343,44.95733711347756
4148.799999996481,0.9997936913516012,0.0022427914034814688,44.739611599724846
4149.199999996472,1.0014218062028548,0.002184546080461955,44.628207765498686
4149.599999996462,1.0011295671798481,0.0017172391333761872,44.02716455018858
4149.999999996453,1.0009089979755592,0.0015807372661050278,44.00294784204079
4150.3999999964435,1.0017867129132545,0.001578990313171881,44.184706603920986
4150.799999996434,1.0011760056562589,0.0016348589080745677,44.280000901469414
4151.199999996425,1.0005152727641486,0.0017580010117359205,44.362927167380406
4151.599999996415,1.0004263947917778,0.0017964189293500881,44.312007295651675
4151.999999996406,1.0000484073301878,0.0015806207823132526,43.84622605249637
4152.399999996396,1.0011528066304838,0.0013575732471791226,43.535907217293676
4152.799999996387,1.0020632227426112,0.001427578022909477,43.76288290230233
4153.199999996377,1.0019855521990377,0.0015690928923328372,43.90010098921701
4153.599999996368,1.0010395318896732,0.001600080038522301,43.95001523746792
4153.999999996358,1.000041109483574,0.0016212890367330514,43.928814637763075
4154.399999996349,1.0000516910661568,0.0016156081907241298,43.86614059736619
4154.7999999963395,1.0008129182957473,0.0016395611276321693,43.9741022387129
4155.19999999633,1.0015941757346738,0.0015708034986365983,43.91922640420618
4155.599999996321,1.0016138796212264,0.0017153369702435082,43.95289062693586
4155.999999996311,1.001184604405217,0.0019316060926141195,44.125243662117974
4156.399999996302,1.0009542314199635,0.0019352897912471455,44.21831603002366
4156.799999996292,1.000961576693408,0.0018837531409981307,44.15489939860969
4157.199999996283,1.0004266542422535,0.0019083446619253099,44.08804832260739
4157.599999996273,0.9997656419643758,0.001964668213430544,44.16499021839952
4157.999999996264,1.0016646573550938,0.002069555184623809,44.31211452297358
4158.399999996254,1.0017189125489796,0.0021084213161331965,44.36907372480325
4158.799999996245,1.0014837430612928,0.0019054358802062471,44.252789377157754
4159.199999996235,1.0015130674756028,0.0017411838605983212,44.09019886583557
4159.599999996226,1.0012673693359806,0.001741444573205338,44.15936273310354
4159.9999999962165,1.000657552434409,0.0018934016516265818,44.23569290197283
4160.399999996207,1.0005986900165178,0.0018081970606869632,44.161994365408674
4160.799999996198,1.0032725968471674,0.0017094578476174109,44.053054077698455
4161.199999996188,1.0039166533279644,0.0015592621716571742,43.902168861960334
4161.599999996179,1.0031347842699836,0.0014391479376688902,43.81938960782908
4161.999999996169,1.0027815649068061,0.0013248103659046161,43.70054612794814
4162.39999999616,1.003096942729445,0.001482222678443077,43.9077287520054
4162.79999999615,1.002075623013554,0.001613110376462677,44.22959711651724
4163.199999996141,1.0010899742313202,0.0017773267743968276,44.31997956042617
4163.599999996131,1.0027807626826204,0.0016958441687850779,44.07343252135316
4163.999999996122,1.0035559351837153,0.0017095298029700184,44.18863144380354
4164.3999999961125,1.0028477840396108,0.0019178046587219355,44.59542209927727
4164.799999996103,1.0019849320301177,0.0018382434108458877,44.42313388196215
4165.1999999960935,1.0007785187538998,0.0019075421922538085,44.65502210942278
4165.599999996084,1.0002297116300096,0.0020002972849625534,44.56901248673156
4165.999999996075,1.0011534459183633,0.0019321111850915099,44.39443000212838
4166.399999996065,1.00008874899891,0.0015365129371814486,44.01605076549316
4166.799999996056,0.9995402289069834,0.0013204979886523081,43.7733208342704
4167.199999996046,0.9997329685347012,0.0012132522468622405,43.70030895206822
4167.599999996037,1.0005538371038742,0.0012444236512459067,43.798256459962936
4167.999999996027,1.0014274248365456,0.0013087852812978264,43.839217028283585
4168.399999996018,1.0010353192298904,0.0012690557954766553,43.605715024792474
4168.799999996008,1.0005615888105663,0.001555177278985629,43.780004694956986
4169.199999995999,1.0002658359213046,0.002010595573023901,44.25941721838759
4169.5999999959895,1.000780055293865,0.0020712678848966173,44.40184603922704
4169.99999999598,1.0016226346507866,0.0021296252745553034,44.61318299009973
4170.399999995971,1.0018024072349283,0.0021314387386334238,44.489847397977584
4170.799999995961,1.0034617393937446,0.0022420397830154658,44.359965030171814
4171.199999995952,1.0024519097737534,0.002226625971711253,44.36266931929942
4171.599999995942,1.0016201069489683,0.002278888157107561,44.5850467106902
4171.999999995933,1.001676120714809,0.002136505072022418,44.54755529710603
4172.399999995923,1.0003877654147257,0.0021482713023450615,44.58816559283259
4172.799999995914,0.9993496737734622,0.0021129685088032615,44.57489158241336
4173.199999995904,0.9993342318856625,0.0021063731100605166,44.616664889244404
4173.599999995895,0.9994519424437471,0.001962484206715113,44.40611294030777
4173.999999995885,0.9989887371278264,0.0015617478301689104,43.932392228637895
4174.399999995876,0.9992004885167386,0.0013423463024251016,43.72495947585976
4174.7999999958665,0.9998775490541372,0.0014340651347189506,43.96991541854102
4175.199999995857,0.9998834206593028,0.0014366643926097455,43.92474383353722
4175.599999995848,0.9988265108176612,0.0015857754277036101,43.98742340899303
4175.999999995838,0.9977948304830615,0.0016769188523859662,43.89813648099741
4176.399999995829,0.9975424328214045,0.0017904190029891087,44.025542477642325
4176.799999995819,0.9978656488620555,0.0015872578393024785,43.75335262079355
4177.19999999581,0.9992611389941872,0.0013465155382345942,43.68573805303778
4177.5999999958,0.9992273430106781,0.0011911472146583359,43.50550780141272
4177.999999995791,0.9982513704028155,0.0011605768571055278,43.52249863663632
4178.399999995781,0.9983347527907714,0.0013048131532769273,43.72480116684283
4178.799999995772,0.9981810850417177,0.001419977938460425,43.92140232027014
4179.1999999957625,0.9968565133000726,0.0015925437236731258,44.25482709188279
4179.599999995753,0.9975641459941477,0.001740293810274697,44.466942124761
4179.999999995744,0.9978012407997668,0.0018514324339393886,44.35054630003566
4180.399999995734,0.9966129787859368,0.002002435389364068,44.33581693534623
4180.799999995725,0.9965211744601333,0.00230864248664229,44.46276197587955
4181.199999995715,0.9976621220947878,0.0024237967076187915,44.5231323804125
4181.599999995706,0.9983979338221357,0.002170862202093768,44.323318268172926
4181.999999995696,0.9988669480162408,0.0021437864625075517,44.53037233270483
4182.399999995687,0.9985980259556766,0.0023084534536701546,44.77703943074541
4182.799999995677,0.998981792186398,0.0021365528672908553,44.63761115593867
4183.199999995668,0.9991013850543344,0.001962140330148652,44.49431459629976
4183.599999995658,0.9988511911739618,0.001702222315292413,44.20337435242803
4183.999999995649,0.9981668958010764,0.0016993373123360127,44.14203506437205
4184.3999999956395,0.9983869618368093,0.0017986886351209895,44.00536701377318
4184.79999999563,0.9980218346040005,0.0016851074201626737,43.80628446301486
4185.199999995621,0.9973064054115927,0.0016651744650338738,43.68021244107403
4185.599999995611,0.9979040621283726,0.0015869516779538583,43.42388110091199
4185.999999995602,0.9989493676531686,0.001424048800858494,43.3304081872561
4186.399999995592,0.9991985827859164,0.0014391119920662623,43.51558479722495
4186.799999995583,0.9995499943074214,0.0013913784674711375,43.56788079004864
4187.199999995573,1.000034681142021,0.0013527990111233629,43.754179217007014
4187.599999995564,1.0003582709935401,0.0013618934512760587,43.84288707000649
4187.999999995554,1.0018605635601985,0.0014791664995918066,43.81118060052756
4188.399999995545,1.0012410428153102,0.0018875661042504158,44.148177284039136
4188.7999999955355,1.0010400074384789,0.002118696982331004,44.46119584153026
4189.199999995526,1.0005875484379583,0.0021478328014457866,44.524048094950956
4189.599999995517,1.0003101036960547,0.0021108263414611915,44.42215808023792
4189.999999995507,1.0006765173091112,0.0020387810077545495,44.45848976681617
4190.399999995498,1.0004765742650348,0.001986525695617306,44.27434114627517
4190.799999995488,1.0008741643799288,0.0018581207003698225,44.26420087741707
4191.199999995479,1.000346047162769,0.0019296886795511453,44.438901051690756
4191.599999995469,0.99947239235088,0.0020182521084274015,44.52279914782189
4191.99999999546,0.9984138792907582,0.0019189117526489257,44.40418076337129
4192.39999999545,0.9978829491262313,0.0017136648460686237,44.18695404169842
4192.799999995441,0.9976991142645234,0.0017258400746898487,44.08635572128956
4193.199999995431,0.9982953117173853,0.00184523913691777,44.13049515410767
4193.599999995422,0.9987054845259642,0.001832531214220927,44.157602851894325
4193.9999999954125,0.9990081294511104,0.001765308740785458,44.07602180304766
4194.399999995403,0.9999535045372225,0.0017539442980065458,43.95498233085543
4194.799999995394,1.0003802571331217,0.0015235196954064003,43.53998054172602
4195.199999995384,1.0003341571759277,0.001315596308841262,43.359548522558
4195.599999995375,0.9989296279847073,0.0012296070858319997,43.32372083281292
4195.999999995365,0.9986767134256977,0.0012813054012328557,43.45837274164033
4196.399999995356,0.9998076343846105,0.0012723999435716503,43.57977785616721
4196.799999995346,1.0002573360232492,0.0013466170938050842,43.749369658306954
4197.199999995337,1.0013810234427198,0.0015381926949893285,43.76287249279693
4197.599999995327,1.000853741452736,0.0017985545577073167,43.91245341106753
4197.999999995318,0.9997889445732563,0.0022818450061853775,44.357500404369375
4198.3999999953085,0.9976959332035711,0.0023916027626458614,44.931417366934014
4198.799999995299,0.9985166047476146,0.0022992569104658186,44.84107638174156
4199.1999999952895,0.9973164102008106,0.0020698341705220626,44.65109294334588
4199.59999999528,0.9994785781379879,0.0020562376607267782,44.581278289167514
4199.999999995271,1.001358007487956,0.0017031721279884204,43.9889272687434
4200.399999995261,1.0009873928612274,0.0015997396590449685,43.729057115103075
4200.799999995252,1.0004423040829045,0.0015570341133897773,43.66244779629107
4201.199999995242,1.000329462466761,0.0017393156425319456,43.83557604852673
4201.599999995233,0.9999677482829413,0.001936468184790634,44.033906446007265
4201.999999995223,1.0005584987893943,0.001983810338882804,44.134741790756266
4202.399999995214,0.9988008987904798,0.001973694174857565,44.175995918644304
4202.799999995204,0.9983992683319777,0.0019944801576941697,44.05941653520301
4203.199999995195,0.9986092599980017,0.0018664526772136493,43.86997713480046
4203.5999999951855,0.9991863784538925,0.0016126549644037602,43.628281750191896
4203.999999995176,1.0004527876704672,0.001505449756883015,43.559795462267374
4204.399999995167,1.0004962684084704,0.0012784103776511562,43.202852065085104
4204.799999995157,0.9999259169167896,0.001396109085409011,43.336858163298544
4205.199999995148,1.0000469847572486,0.0016564042326721207,43.659956681927156
4205.599999995138,1.0000164980633628,0.0015730127940698196,43.810621485652085
4205.999999995129,0.9998997604945035,0.001780522775025558,44.04904452185776
4206.399999995119,0.9992223445190991,0.0019270212085267951,44.33685722097582
4206.79999999511,0.9978434265307464,0.0017995810369006164,44.1843116578211
4207.1999999951,0.9983846068775484,0.0018039371622334285,44.01611143497664
4207.599999995091,0.9990193159672608,0.0018340061738414484,44.14970992233745
4207.999999995081,1.0005464248595606,0.001967061968834695,44.40962245230376
4208.399999995072,0.9996560213975962,0.0022734642141325908,44.5913121559913
4208.7999999950625,0.9995065163733077,0.002153332810630919,44.2550626848662
4209.199999995053,1.000139507230928,0.0018730238037511719,44.06706868275682
4209.599999995044,0.9982872149211584,0.0016706562053433191,44.024978239422204
4209.999999995034,0.9979773514368036,0.0016112219771233867,43.93308073616383
4210.399999995025,0.9998032752162608,0.0015787473466375656,43.847042785333585
4210.799999995015,1.000074471063375,0.0015007774496774973,43.74664364134524
4211.199999995006,0.9998770494195598,0.0015873598727455084,44.00121394723436
4211.599999994996,1.0002230799051843,0.0016208379517597526,44.03846593754984
4211.999999994987,1.001063492346591,0.0014340667473390584,43.793625287104774
4212.399999994977,1.0021098289566799,0.0012560682142657923,43.56939202640978
4212.799999994968,1.0014747511561044,0.0011519922980143542,43.46306336467184
4213.1999999949585,1.0023372221705773,0.0011370011441669988,43.39094891644543
4213.599999994949,1.002211780409139,0.0012261696832375256,43.472760362283225
4213.99999999494,1.0011395801404004,0.0011666320686462251,43.375005551222216
4214.39999999493,1.001459703105566,0.0012475615909598105,43.28315705394219
4214.799999994921,1.001203200015938,0.0016860808840656139,43.57807963329186
4215.199999994911,1.0018658906486972,0.00194787589331029,44.05050484424548
4215.599999994902,1.0014486141383168,0.0019946091193866213,44.392851346319
4215.999999994892,0.9996459583899702,0.002071221063353433,44.453677723322656
4216.399999994883,0.9980222568953646,0.002288163842833027,44.70516216494089
4216.799999994873,0.9972584344280487,0.002316884009740846,44.74934909415016
4217.199999994864,0.9983999040618278,0.0022350025943100966,44.542635708163345
4217.599999994854,0.9982763324609495,0.0026258731638308776,44.58939209004589
4217.999999994845,0.9976827849853802,0.0022340349402943595,44.4430906372192
4218.3999999948355,0.9984836731854583,0.0019292261789567323,44.33446714808007
4218.799999994826,0.9992167872882673,0.0018559687213260546,44.14132572397319
4219.199999994817,0.999812968131322,0.001898190610459215,44.11860859600402
4219.599999994807,1.0005433388693283,0.001818272077470599,43.98381533650117
4219.999999994798,1.0003952687226811,0.0017144794928910473,43.96459707903387
4220.399999994788,1.0010472031183832,0.0016256240269145504,43.90933875985634
4220.799999994779,1.001293690491799,0.0014780266804313594,43.81336978297942
4221.199999994769,1.0022271706898214,0.0013238368369213028,43.653667482961865
4221.59999999476,1.0025991515363712,0.0012103332418308833,43.56037392234292
4221.99999999475,1.0017798476420188,0.0012725178695037437,43.61034219221108
4222.399999994741,1.0013905282824966,0.0014782574480831827,43.79631331695529
4222.7999999947315,1.0024328185983533,0.0015642330964064492,43.81347633156123
4223.199999994722,1.003138030270322,0.001568596565075393,43.80809985972238
4223.599999994713,1.0024354797116928,0.0016743346063523823,43.946083485794716
4223.999999994703,1.0011493639361377,0.001712554574512982,44.08611619553491
4224.399999994694,1.002322037833203,0.002030317582239319,44.50155332054767
4224.799999994684,1.0039953714547805,0.002475523365171422,44.95984944612239
4225.199999994675,1.0039760935288857,0.0029113969493013907,45.35093235353956
4225.599999994665,1.0025119579732478,0.0027938044393019178,45.079909652154214
4225.999999994656,1.0016751515084668,0.0023233733951058787,44.684399768213964
4226.399999994646,1.0013098386175514,0.0021768826819562976,44.73596802321536
4226.799999994637,1.0013829688918887,0.0024422091892010037,45.004746416765556
4227.199999994627,1.0019748936875879,0.002664591956885717,45.231553674944735
4227.599999994618,1.0019877368786672,0.0025008108405719424,44.88840951058825
4227.9999999946085,1.0021853283047129,0.002577639198198687,44.8723810286199
4228.399999994599,1.001628771931363,0.002750869295606876,44.7776392741716
4228.79999999459,1.0004284338621658,0.0023647982513633477,44.38960088214063
4229.19999999458,1.0007688154858716,0.0019942462746187564,44.19620336927658
4229.599999994571,1.0000041577242766,0.0017475941328094825,44.15696550416599
4229.999999994561,1.00024789516844,0.0017171048492095014,44.04815740355256
4230.399999994552,0.9993752172508688,0.0017879578806766652,43.99392574119926
4230.799999994542,0.9988707747964739,0.0017119354610051873,44.21119018997516
4231.199999994533,0.9972750250064841,0.001920348371333473,44.5533023392787
4231.599999994523,0.9989806372808557,0.0019150540432562092,44.498132577219515
4231.999999994514,0.9990356001915482,0.0017996979796429204,44.079343134639174
4232.3999999945045,0.9983555603286193,0.001910410240446338,44.060256095729784
4232.799999994495,1.0005266817456726,0.0018964340604706788,44.157832224512354
4233.199999994486,1.0017275121522857,0.00200069297614236,44.33859905482537
4233.599999994476,1.0016943991627068,0.0020428670911506446,44.4334346940375
4233.999999994467,1.0010947026852361,0.0018911105570910765,44.38181004551403
4234.399999994457,0.9999703017886914,0.002216449992001172,44.78247027980582
4234.799999994448,1.0011709114749885,0.002242475983687154,44.81451695942387
4235.199999994438,1.00128698345417,0.0022093817648634463,44.856940106296555
4235.599999994429,1.0016777381575783,0.002107044535012297,44.9487353031457
4235.999999994419,1.0016126154994962,0.0019022986792900673,44.6753425244513
4236.39999999441,1.000564052272191,0.0017934525018011521,44.59109175519695
4236.7999999944,1.001738404408895,0.0018217886553030718,44.524835437072035
4237.199999994391,1.0013796231908003,0.0016896895494387927,44.3171351235831
4237.5999999943815,1.0004850598682224,0.0015590104080136,43.981041864823176
4237.999999994372,0.9997134368029652,0.0014343874618478847,43.68375871561161
4238.399999994363,0.9986170028809308,0.0013313855773393487,43.501059306845114
4238.799999994353,0.9982430196059698,0.0013415612282206145,43.51769292024292
4239.199999994344,0.9985070265718629,0.0012809093297593357,43.423892748279
4239.599999994334,0.9995502102119144,0.0012928735312195394,43.65251166002264
4239.999999994325,0.9982542186301836,0.0014008619734931635,43.732919175926455
4240.399999994315,0.9980483016694405,0.001527934016496411,43.62584409508751
4240.799999994306,0.9977764171881555,0.0017656493448930596,43.76876150477112
4241.199999994296,0.9983720268305137,0.0018789131056060095,44.05164206119891
4241.599999994287,0.9980930239141321,0.001911800894229815,44.332114037511175
4241.9999999942775,0.9988962182824321,0.0021414894220119027,44.609747504583325
4242.399999994268,0.9993759902001318,0.002162938274175094,44.631144327967604
4242.7999999942585,0.9999452243087265,0.0023365159277121644,44.563511635977754
4243.199999994249,1.0001055477175451,0.0026380072495491807,44.73696665170492
4243.59999999424,1.000202794335381,0.0025094207681036138,44.70217962363528
4243.99999999423,0.9998660395279076,0.0024484687364908883,44.74322823565661
4244.399999994221,1.0013329360418897,0.002048166483293572,44.563013098981244
4244.799999994211,1.000955355552742,0.0019518545718010894,44.5887614985306
4245.199999994202,1.000072689759667,0.001988170353050573,44.4722504800993
4245.599999994192,1.0007613499093126,0.0018514747224717455,44.22616317505744
4245.999999994183,1.001481921571267,0.001816211461342832,44.01333464063763
4246.399999994173,0.9991715879655406,0.0017496863243598297,43.58539908155455
4246.799999994164,0.9970261046533492,0.0018493343076109487,43.485783180850525
4247.1999999941545,0.996900940376888,0.0018711705986555929,43.77637098800878
4247.599999994145,0.9962918184849948,0.0018582217153619847,43.96662802298902
4247.999999994136,0.9966144419996565,0.0020222597891089286,44.311999221751954
4248.399999994126,0.9977446256174523,0.0022161954032487385,44.62391883112077
4248.799999994117,0.9986994518101551,0.002337367443183161,44.59605309118273
4249.199999994107,0.9988229010454572,0.002429516051718909,44.71967295916122
4249.599999994098,0.9991100498536936,0.0022934021846416474,44.573576282461204
4249.999999994088,0.9982368142669751,0.00177863117438403,43.96131660386905
4250.399999994079,0.9977625724972372,0.0014420912339357197,43.67075118181795
4250.799999994069,0.9978675263764586,0.0013634091945843667,43.69955772339099
4251.19999999406,0.9979976685483375,0.001245304753697768,43.590146811578485
4251.59999999405,0.9992486459746472,0.0011555107769097852,43.50364100383269
4251.999999994041,0.9986123330077228,0.0011125279819765425,43.426899707091316
4252.3999999940315,0.9987951046241655,0.0011300237521814137,43.34579300459384
4252.799999994022,0.9999603418506036,0.0012762730979205353,43.25891030460387
4253.199999994013,1.0013578068742746,0.0016549820198849422,43.505937451624675
4253.599999994003,1.0007922703655932,0.0018520018910627137,43.87814931220273
4253.999999993994,0.999720233169568,0.0020627230045443686,44.140870372278386
4254.399999993984,1.000563766567431,0.0018737491018176431,44.13534710799028
4254.799999993975,1.00060988263921,0.0018325484085890817,44.13109350674192
4255.199999993965,1.0009877396543017,0.001724845048637158,44.041198022795555
4255.599999993956,1.0016984446580766,0.0017609476491975207,44.10249413472181
4255.999999993946,1.0027049975765026,0.0017489931550162907,43.909336047768505
4256.399999993937,1.0015521523932844,0.001686016155208044,43.90182774083668
4256.7999999939275,1.0002126486721603,0.0015770839641632332,43.895957759759156
4257.199999993918,0.9997973593213151,0.0015047612497970887,43.835609325955325
4257.599999993909,0.9994683091958704,0.0014826152643181338,43.750053418478046
4257.999999993899,0.9988970547649336,0.0016449482661523463,43.820108637212854
4258.39999999389,0.9990813608850305,0.0017034586070938302,43.86089802772547
4258.79999999388,0.9990243070446868,0.0019341678674550111,44.1085428585174
4259.199999993871,0.998689923571109,0.0019039887315674897,43.96456679118758
4259.599999993861,0.9985998399343393,0.0017054872631036915,43.749873250049994
4259.999999993852,0.9984833898782229,0.0016770643920614751,43.832413243247125
4260.399999993842,0.9980464571994304,0.0016161803868308688,43.8681131155773
4260.799999993833,0.99711862116656,0.001431199736893652,43.73868923275207
4261.199999993823,0.9971407946858534,0.0014408483659346686,43.63442570468838
4261.599999993814,0.9974939615681145,0.0014274424741512691,43.43944647302625
4261.9999999938045,0.999688421776775,0.001304248898957896,43.23457561714636
4262.399999993795,1.0005194332193759,0.0013440349056920695,43.26828602190678
4262.799999993786,1.0011727438197704,0.0015007723259949583,43.47885983969001
4263.199999993776,1.0019941166085737,0.0015636456494531941,43.66265882722071
4263.599999993767,1.0029859280087503,0.0016702626079274183,43.91526467109494
4263.999999993757,1.0035428543779028,0.0016296816183649769,43.90046501978521
4264.399999993748,1.0036927058925693,0.0014600896772439386,43.863420607063
4264.799999993738,1.0029969891786765,0.0014714395799726274,43.91180313207558
4265.199999993729,1.0028979763961037,0.0015380122608413412,43.863820595404384
4265.599999993719,1.0022379853710963,0.0015473624154379096,43.83235197606268
4265.99999999371,1.0017516953947863,0.001538727016065555,43.83138254888545
4266.3999999937005,1.001507205094206,0.0015684279310976775,43.758583458508284
4266.799999993691,1.0019601801668656,0.0016540990725388924,43.818704872464586
4267.199999993682,1.002062768921235,0.0017910932460242373,43.89389027956494
4267.599999993672,1.0021155710345837,0.0019205936550576162,44.001578228841694
4267.999999993663,1.002061300451369,0.002319192083466486,44.37302876860161
4268.399999993653,1.0020741055335294,0.002580000322384265,44.557503423065114
4268.799999993644,1.001872688576753,0.0024510569964647367,44.60720934660872
4269.199999993634,1.0011967480910484,0.0020000071987052413,44.42270200298079
4269.599999993625,1.0004053504795403,0.0016980666038205311,44.15736213657128
4269.999999993615,0.9996182998240822,0.0015051481093726021,43.78577784731666
4270.399999993606,0.9996204147842478,0.0012753647748755838,43.34660505828684
4270.799999993596,0.9998007700175814,0.0012354126927474909,43.39291399855775
4271.199999993587,1.000488945939266,0.0011506668107801724,43.47688103038676
4271.5999999935775,1.0011521699279242,0.001082439998998096,43.35512943951645
4271.999999993568,1.001912374635783,0.001210378280277088,43.41250907263354
4272.399999993559,1.0024191107313665,0.0014179195071163998,43.64475349645477
4272.799999993549,1.0021475787903518,0.0015509145142728988,43.94645004977662
4273.19999999354,1.001818966429638,0.0015372844076679613,43.93324224891303
4273.59999999353,1.001278344835407,0.0015386790773754659,43.84518884367396
4273.999999993521,1.0006915109509884,0.0014580249926448505,43.732871822908066
4274.399999993511,1.0004402755574016,0.0014275158504462007,43.68953791615985
4274.799999993502,1.0001713979713454,0.001573113106161688,43.96965027250002
4275.199999993492,0.9995605615976446,0.001713136951640088,44.258438799170825
4275.599999993483,0.9996775940540924,0.001870660307094523,44.3600794280655
4275.9999999934735,1.0006249038589483,0.0020560930644522722,44.38128136664154
4276.399999993464,1.0013192900124583,0.0021681368887099374,44.20988515808672
4276.799999993455,1.002932811587829,0.0023732327444017124,44.33611975271116
4277.199999993445,1.0035507158244932,0.0023605249117020903,44.33781222045452
4277.599999993436,1.0031539465480592,0.002276361853781052,44.304837503397614
4277.999999993426,1.001243798849735,0.002059379648440511,44.20131670633787
4278.399999993417,1.0000762392582834,0.0017068689648959603,43.844277109951825
4278.799999993407,1.000366033423915,0.0016312044527149127,43.77655710310792
4279.199999993398,1.0020283084939978,0.001743105875115658,43.91177528286506
4279.599999993388,1.002775719275291,0.0017629756761106076,43.74600440994591
4279.999999993379,1.0025643829508564,0.0019017940498354952,43.95861046301929
4280.399999993369,1.0021572645320993,0.0022654626838075884,44.26720927970822
4280.79999999336,1.0027108417247323,0.002241958588182869,44.202972708664895
4281.1999999933505,1.0025150667335783,0.0022599468081432065,44.396060873186364
4281.599999993341,1.0033712982059284,0.0023097832407535162,44.76447565180678
4281.999999993332,1.0033153898438643,0.0020571856305295674,44.524484254065904
4282.399999993322,1.001836421519059,0.0018520887383158128,44.062389773648434
4282.799999993313,1.000303598631601,0.0016667066208745018,43.75411811787755
4283.199999993303,0.9991982942436266,0.001531137078440596,43.74095854942416
4283.599999993294,0.9987714188223485,0.0015368188173877364,43.92560562278959
4283.999999993284,0.9986898769549949,0.0017474461252142517,44.23676839308802
4284.399999993275,0.9997058627130125,0.0015916574250575265,44.08458414531865
4284.799999993265,1.0014582566779708,0.0015706313873806038,44.06010314960834
4285.199999993256,1.0000751716426097,0.0015559466212609048,44.007981159978655
4285.5999999932465,0.9997427065648911,0.001599152327558465,43.9758050103533
4285.999999993237,0.998418315494495,0.0016974640114902936,44.03692751234216
4286.3999999932275,0.9978595264569585,0.001803100210854213,44.19844212407066
4286.799999993218,0.9980496382710895,0.0020346987691403882,44.517312951239546
4287.199999993209,0.9976594359614711,0.0018608196362299746,44.34340376494872
4287.599999993199,0.9978290979720417,0.0015725361687221483,44.03440845806137
4287.99999999319,0.9975220429158799,0.0015076515191544007,43.95436116887484
4288.39999999318,0.9975803352726273,0.001597436112899636,44.230941654801086
4288.799999993171,0.9991159151142206,0.0017198541847171021,44.11839878493108
4289.199999993161,1.0009034727031203,0.0018896579365810162,44.098649082892656
4289.599999993152,1.0021710661662444,0.0021681092514879707,44.19846124606189
4289.999999993142,1.0031512784170837,0.0021848433782917925,44.28847414506857
4290.399999993133,1.0031179439194489,0.0020806176031100345,44.31963293671822
4290.7999999931235,1.0037242249351663,0.0020701035776723936,44.373054709033546
4291.199999993114,1.0039533323526266,0.001972385287249574,44.35709245045026
4291.599999993105,1.002709412503365,0.0019854123571464927,44.3373414657711
4291.999999993095,1.0017043243934523,0.001931070650697938,44.29239164515542
4292.399999993086,1.0011621034318574,0.00179101884217107,44.227679366364896
4292.799999993076,1.0008930992522247,0.0018012786974076931,44.298255313465205
4293.199999993067,1.0005445734520932,0.0017022731006013897,43.96996090441763
4293.599999993057,0.9994387408351969,0.0014547912304857982,43.68750539844657
4293.999999993048,0.9988684629168006,0.0015074834384657806,43.96306679071464
4294.399999993038,0.9993600288660227,0.0016556243097953732,43.943003755592
4294.799999993029,0.9995500456996531,0.0014884603513764406,43.51839505647002
4295.199999993019,0.9998556274017217,0.0014921008630262252,43.49990196443973
4295.59999999301,0.9996140813233672,0.0014562589484482648,43.47970101104137
4295.9999999930005,0.9984921471851148,0.0016690594562933654,43.77219408109642
4296.399999992991,0.9972565428065407,0.0018942050477464927,44.07749524815605
4296.799999992982,0.9976192663220012,0.0019035765615467105,44.21199324476739
4297.199999992972,0.9975249482833292,0.0020735945984175384,44.37126297974446
4297.599999992963,0.9987864665957413,0.0023120387936290147,44.59440207318266
4297.999999992953,0.9996442245670731,0.002381678429626638,44.54871225134543
4298.399999992944,0.9997432766800411,0.0024650136085482208,44.5429388375622
4298.799999992934,0.9997854392974361,0.0025725746784435294,44.79567778881585
4299.199999992925,0.9997971183171146,0.0025581687220909573,44.88959219208626
4299.599999992915,0.9999410519822229,0.002766018576280479,45.347685115861864
4299.999999992906,1.00073965836745,0.002668909116788139,45.06997136513253
4300.3999999928965,1.0006494229131608,0.0023596366747533066,44.634784572320505
4300.799999992887,1.000479258359106,0.002252270733528572,44.636262210560886
4301.199999992878,1.0000598604032012,0.002559237994623913,45.13077079373855
4301.599999992868,0.9993513974477435,0.002296990399437355,44.64754344926093
4301.999999992859,1.0000007594275604,0.0017232069602761573,44.10441159794483
4302.399999992849,1.0005397554772169,0.0015629459426810372,43.95286036786307
4302.79999999284,1.0000530980367777,0.0014825654695477294,43.87616117530424
4303.19999999283,1.0003515689871938,0.001452598349507318,43.82376971990228
4303.599999992821,1.0005516293802685,0.0013983832724634223,43.69277685950776
4303.999999992811,0.9999123541528261,0.0012629687853606402,43.48123850444734
4304.399999992802,0.9994762793797419,0.0011016401683487547,43.372398362370134
4304.799999992792,0.9991540471272127,0.0011365423452698714,43.381374847204015
4305.199999992783,0.9980601271537901,0.0012632723633650485,43.61073595862056
4305.5999999927735,0.9979023578554007,0.0013927590674955989,43.96890838225891
4305.999999992764,0.9980186145939617,0.001520305674810352,43.98005649842433
4306.399999992755,0.9977342924804,0.0015939276211108387,43.9808337907927
4306.799999992745,0.9984208940972531,0.0016609692256234364,44.11110014409047
4307.199999992736,0.998878116075863,0.00169455509722321,44.03668671667458
4307.599999992726,0.9995103230099585,0.0017002401399558442,44.044678496699454
4307.999999992717,0.9991482961163668,0.0018030264044328025,44.228277656331
4308.399999992707,0.9995925251531601,0.002044862243347582,44.21760795112702
4308.799999992698,0.9995447169242818,0.002023518095471368,44.1036615156183
4309.199999992688,1.0000752352039752,0.002228041921867927,44.29369898817986
4309.599999992679,0.9990784569952795,0.0018889629073349306,44.13431508907013
4309.9999999926695,0.9975109683567901,0.0017200618496435599,44.11966468771139
4310.39999999266,0.9976521745903566,0.0017040865997329177,44.19356358692008
4310.799999992651,0.9970719484561297,0.001760175172304601,44.13042734074991
4311.199999992641,0.9974896296326927,0.0017867575089728746,43.85509986666036
4311.599999992632,0.9984281444014492,0.0018787955425043207,43.79223652423113
4311.999999992622,0.9996207452635346,0.001960145639885608,43.99115355708953
4312.399999992613,1.0004822317086588,0.002045016002839267,44.3196002772366
4312.799999992603,1.000229546029907,0.0018924069221829627,44.32403935660741
4313.199999992594,0.9993933874212257,0.0018834179506172272,44.24985789035869
4313.599999992584,0.9992016469082842,0.0018942919585826126,44.23415435440962
4313.999999992575,0.9989709947294803,0.0019627043871530787,44.32389774606806
4314.399999992565,0.9978984968333636,0.0016628540899778627,43.8262271705895
4314.799999992556,0.997738428407304,0.0014183391645653457,43.56484538811681
4315.1999999925465,0.9971589522352602,0.0012579956479288694,43.419866532999556
4315.599999992537,0.9973317315103247,0.0012497934646688868,43.504657524038805
4315.999999992528,0.9994699497562748,0.0013342663208161993,43.652749127907555
4316.399999992518,1.0013651755713464,0.0011954093033129277,43.509042799395765
4316.799999992509,1.0021769507125282,0.0011444935646694751,43.48165525376968
4317.199999992499,1.0016272373507442,0.0012217456596012154,43.48552669381742
4317.59999999249,1.0001475671437408,0.0012069507740660981,43.41322872458221
4317.99999999248,1.000632796738204,0.0011916630455828796,43.51346785055616
4318.399999992471,1.001579942144662,0.0011828298545530935,43.611378616377614
4318.799999992461,1.001666350958562,0.0011610900853575446,43.43180781412507
4319.199999992452,1.0025644791070811,0.001372030486804513,43.45801622158326
4319.5999999924425,1.0029527673127314,0.0016885798422113746,43.690701429365575
4319.999999992433,1.0030063763622348,0.0016482873325003086,43.59393094666076
4320.399999992424,1.0037206606623625,0.0017807079000313286,43.77030902070671
4320.799999992414,1.0037478698927933,0.0017806159445674964,43.79815086986292
4321.199999992405,1.0022423431729648,0.001863923429534237,44.01678643834804
4321.599999992395,1.0011148083585057,0.002094252610420185,44.08586883979653
4321.999999992386,1.0014789613603612,0.002138341899581421,43.93024850968923
4322.399999992376,1.0015387528111197,0.002075279364870869,43.951030859206604
4322.799999992367,1.0011855647120442,0.0018980504438816555,43.86799496725932
4323.199999992357,1.0007224472990668,0.0017562754043132902,43.944473141528846
4323.599999992348,1.0005292397247123,0.0020255260374671875,44.23124992480896
4323.999999992338,1.0014127483710105,0.0024006124503479563,44.613723742360804
4324.399999992329,1.002518370567266,0.002688499214788355,44.91628647994026
4324.7999999923195,1.0014594292092942,0.0028795201255610125,45.027034311033354
4325.19999999231,1.000084638885069,0.0026670655558451196,44.690051260369366
4325.599999992301,0.9989708369418175,0.002534752740272902,44.53078525183449
4325.999999992291,1.0002232751588784,0.0024868277900960893,44.66466401377867
4326.399999992282,1.001873861737203,0.002315919213367432,44.45554923495267
4326.799999992272,1.0023370873941913,0.002101388866225062,44.226015127737995
4327.199999992263,1.0024070653463404,0.0017260704875209606,43.79919408718028
4327.599999992253,1.001972885236487,0.0014397269684930172,43.61674211035664
4327.999999992244,1.0020847899616747,0.0013489180968805042,43.46930867401996
4328.399999992234,1.0021673730590483,0.0011309247318874898,43.28112573933024
4328.799999992225,1.0019029184757748,0.0011770179778335136,43.382462038496094
4329.199999992215,1.0011048568112477,0.0012740738615889648,43.70864310021047
4329.599999992206,1.0006901214067656,0.0013493357376153298,43.855824157025324
4329.9999999921965,0.9997344074505057,0.0013508574871610097,43.75300899276338
4330.399999992187,0.9997146196193052,0.0014168043528591091,43.570158557266375
4330.799999992178,0.9995433928015821,0.0015889055453605322,43.76587719166933
4331.199999992168,0.9993312618960359,0.001940127030817732,44.18699867187348
4331.599999992159,0.9986683949513201,0.0021815222216895695,44.61514660746835
4331.999999992149,0.9978481182692968,0.0023697736333915904,44.72495289069113
4332.39999999214,0.9958889861203499,0.002094813069402962,44.33076740245344
4332.79999999213,0.9980375708110127,0.0016434054347497168,44.15340451470566
4333.199999992121,0.9988904016303976,0.001686220645179819,44.26377710440376
4333.599999992111,0.9988372584967347,0.0016904268638228564,44.24178597901509
4333.999999992102,1.0013215349881526,0.0017062721691061826,44.16971251460166
4334.3999999920925,1.0026513741140148,0.0018145438653359488,44.23859871659906
4334.799999992083,1.0028820797120506,0.0017241580981544546,44.25190076980677
4335.199999992074,1.002625512764192,0.0015553759627648686,44.141372180692606
4335.599999992064,1.0019448154663237,0.001500393425399179,44.05926288690143
4335.999999992055,1.0014932416769289,0.0013961423978727273,43.71966432617107
4336.399999992045,1.0008629965011107,0.0013556215017824134,43.57885116586526
4336.799999992036,1.0010103950260354,0.0014972476742519498,43.6798989572326
4337.199999992026,1.001544980150086,0.0016904166494539341,43.66037805429407
4337.599999992017,1.0014566526215247,0.0018718911682023213,43.838989437645694
4337.999999992007,1.0008696347408221,0.0017485394105278555,43.94585908184323
4338.399999991998,1.000518858817652,0.0018649691614245388,44.11048111579917
4338.799999991988,1.0002192001242258,0.0018764257178641517,44.34026394091637
4339.199999991979,0.9999736046160723,0.0017465189020739698,44.10658924009852
4339.5999999919695,0.9993924680020414,0.0015684678703168917,43.852342913180586
4339.99999999196,0.998793254082389,0.0015226593892772014,43.86463019384674
4340.399999991951,0.9981193785034328,0.0017146138722745087,44.16165143141223
4340.799999991941,0.9973527479302166,0.0018799867774840946,44.45712426643975
4341.199999991932,0.9971100439540886,0.00158997007268012,44.04622408438387
4341.599999991922,0.9969491698444163,0.0014343488050987884,43.82587656215456
4341.999999991913,0.9957934626416554,0.0015193206749600683,44.01655005071104
4342.399999991903,0.9956926823924307,0.00170651811423029,44.228133828372755
4342.799999991894,0.9954747725403859,0.0019813166769945653,44.376071661295846
4343.199999991884,0.9944966697153541,0.002335191755485846,44.58253969571255
4343.599999991875,0.9941691356069775,0.0025319288246723687,44.810587709807066
4343.9999999918655,0.9948946848283222,0.0025183161627263936,45.068501591292176
4344.399999991856,0.9962246664782496,0.0025678878439211994,45.02829303744135
4344.799999991847,0.9967550743227018,0.0019316580431379777,44.36983885457128
4345.199999991837,0.9963043146099613,0.0017685639252307955,44.09819515294759
4345.599999991828,0.9960678850013938,0.001903674735003157,44.16450397857621
4345.999999991818,0.9969170965499857,0.0022168957614384847,44.724277721339554
4346.399999991809,0.9976865983192988,0.002278724592945002,44.89566046961227
4346.799999991799,0.997278926231876,0.0020097125706791262,44.547206630981464
4347.19999999179,0.9976655927290848,0.001593178646613185,44.174877506114505
4347.59999999178,0.9992304094522991,0.0014256380073858618,43.87658282032228
4347.999999991771,0.9997157829799402,0.0013238038545449495,43.74016369868983
4348.399999991761,1.0002054063315597,0.0012947110428955374,43.64544897324064
4348.799999991752,1.0002644946914327,0.001236531028465392,43.57245868817919
4349.1999999917425,1.0007950383220838,0.0012521796938197145,43.53873287999124
4349.599999991733,1.001582433776297,0.0013263708072082266,43.520243742605224
4349.999999991724,1.0012786921989163,0.0014007757436591422,43.4146203631835
4350.399999991714,1.0003192124925862,0.0014156578144762504,43.53584304939403
4350.799999991705,0.9998044989927469,0.0014788564216930522,43.74992565232652
4351.199999991695,0.998929099435289,0.0014374810281610872,43.79800381748524
4351.599999991686,0.9978460728520153,0.0016839870788342174,44.26531244873262
4351.999999991676,0.9968769003487492,0.0018195556087644376,44.25969624079733
4352.399999991667,0.996373470461471,0.0017980119754732583,44.1743156766313
4352.799999991657,0.9962605158719571,0.0017861803225025805,44.14319930155092
4353.199999991648,0.9957648889507046,0.0018008429757715577,44.24101336447944
4353.5999999916385,0.9957152585046758,0.0017027727291550325,44.136036666543994
4353.999999991629,0.9958705591384885,0.0016492700619210425,44.13696936780573
4354.39999999162,0.996737389006562,0.0016794491184262646,44.18230190756482
4354.79999999161,0.9977715801411325,0.0017650739152575738,44.254417866918836
4355.199999991601,0.9984398486712959,0.0016668421538900652,43.97336352967284
4355.599999991591,0.9992081996797079,0.0017065875628509387,43.82293789943072
4355.999999991582,0.9991052095433292,0.001767584389792047,43.75336917239877
4356.399999991572,1.0009464041081868,0.0018939555169801493,43.94969100993806
4356.799999991563,1.002961218930576,0.0016827285282580214,43.85124918439595
4357.199999991553,1.0022536490722673,0.001694356190549589,43.84415308096493
4357.599999991544,1.0015361881560625,0.001530910174065994,43.66636905495073
4357.999999991534,1.0003156722873905,0.001481283795812078,43.59952877117189
4358.399999991525,1.0006818986732815,0.0016167059993677044,43.62869858973803
4358.7999999915155,1.000571070369513,0.0016476334792790688,43.742608664086454
4359.199999991506,1.0002044609418896,0.0016790582965007356,43.841242142616615
4359.599999991497,1.000012205844246,0.0017971356429407916,43.943208749968235
4359.999999991487,0.9997102679593182,0.0017275754468201424,43.855497274246474
4360.399999991478,0.9997300899852393,0.001856847921210692,44.200058086669706
4360.799999991468,0.9998275078180111,0.0020238038263193044,44.33297353398786
4361.199999991459,0.9986313581682366,0.002319321136200956,44.719824578167746
4361.599999991449,0.9985321966672541,0.00264514781230257,44.95058503383375
4361.99999999144,0.9994607012642988,0.002785741345015643,45.00930107599048
4362.39999999143,0.9992372400667848,0.0027844171386466076,45.31457018696529
4362.799999991421,0.9986936753195697,0.0026362524651847366,45.25236025472663
4363.1999999914115,0.999707911527824,0.002783346694326159,45.0388478856904
4363.599999991402,1.0001807441103092,0.002288508265975797,44.53902450265179
4363.9999999913925,0.9992839533922795,0.0021911360869942735,44.38828747417538
4364.399999991383,0.9979953269479519,0.002177815359925666,44.42411049131675
4364.799999991374,0.9988695896906236,0.0017927492194018577,44.13860347199533
4365.199999991364,0.9975227048397662,0.0016227167736133823,44.023252799510594
4365.599999991355,0.9970769494415972,0.0016691746367795692,43.938234732444336
4365.999999991345,0.9981403827123437,0.001707164903128955,43.938246536079625
4366.399999991336,0.9990576690795601,0.0015698307467130648,43.84007630634879
4366.799999991326,0.9991904662678354,0.0014669233389297466,43.63168028538743
4367.199999991317,0.9994883038501265,0.0015256318877074832,43.67241493727248
4367.599999991307,0.9995814486751184,0.0015621356486864367,43.74897516906245
4367.999999991298,0.9993848043682674,0.0018074022036299452,44.007502222382236
4368.3999999912885,0.9983808019354472,0.002223105829876699,44.49683080706837
4368.799999991279,0.998982723963966,0.002151569784692167,44.26358250857527
4369.19999999127,0.9985454706950341,0.0018950225111653168,44.230853322011995
4369.59999999126,0.9980390922591396,0.0022962136873694986,44.83814928353509
4369.999999991251,0.9974442186487084,0.0024879081621017075,44.824928294989306
4370.399999991241,0.9979887818215146,0.002692460124578676,45.38174135955919
4370.799999991232,0.9985025375716915,0.0023134635104444926,44.83016124535767
4371.199999991222,0.9990902681268587,0.0019723944815119884,44.37412060704852
4371.599999991213,0.999466467650838,0.0017502388863402227,44.1339333006569
4371.999999991203,0.9988230512215741,0.0019746974002983033,44.224017215384194
4372.399999991194,0.9974513403375875,0.0023276928166424834,44.51643922462334
4372.799999991184,0.9965073946166566,0.002167842714565604,44.22209011126753
4373.199999991175,0.9963426473070893,0.001892360387819016,44.0116380169198
4373.5999999911655,0.9959082217653281,0.0016610280013973518,43.952389280655595
4373.999999991156,0.9976734512134319,0.0016911788273348458,44.1494530825166
4374.399999991147,0.9986165347769891,0.0019375770178802299,44.40880746276736
4374.799999991137,0.9981979320881015,0.001548691737773933,43.81099338395341
4375.199999991128,0.9984297066875153,0.0011545094566310261,43.31262936926875
4375.599999991118,0.9986053428755987,0.0010677595995914843,43.100729502802714
4375.999999991109,0.9993974306109874,0.0010670348124399063,43.123746009776575
4376.399999991099,1.0003916356504228,0.0012501977053088519,43.4115242953145
4376.79999999109,1.0005777812924501,0.0014026995567721302,43.73866992601825
4377.19999999108,0.9997744379630265,0.0014368964271319225,43.843019839220176
4377.599999991071,0.9986324736018958,0.0012131684084944214,43.53567187934236
4377.9999999910615,0.9985938653023266,0.0012159214970798439,43.57043817400696
4378.399999991052,0.9992870052583935,0.0012622231579261193,43.70610079831136
4378.799999991043,0.9996108983665299,0.0012660987223424886,43.71271058108164
4379.199999991033,1.0001391485390654,0.0015137123258178614,43.876876562926704
4379.599999991024,1.0010043027083932,0.0018059309679827715,44.1238657552166
4379.999999991014,1.0009505589437433,0.00177160721547634,44.21654626979195
4380.399999991005,1.0017177108621371,0.001709034814926097,44.07603705866839
4380.799999990995,1.003985974284015,0.0017207861737961558,43.96046058168491
4381.199999990986,1.0037642979673136,0.0017193886104931889,43.93886231165188
4381.599999990976,1.0024998771526112,0.0017651861182506818,43.849149013104835
4381.999999990967,1.001914308020972,0.0018448508492855012,44.018611924339176
4382.399999990957,1.0016450548665925,0.0017373127272015435,44.11660405674486
4382.799999990948,1.001090312341366,0.0015965228762717582,44.021958350257286
4383.1999999909385,1.0014806751461285,0.001510063268624674,43.90292372078529
4383.599999990929,1.000279474330089,0.0015710989426244975,43.98124834732983
4383.99999999092,0.9993127582397255,0.0016706776923930695,44.03140750940382
4384.39999999091,0.9990166217612134,0.0016327208853693903,43.849124438212904
4384.799999990901,0.9985684425100255,0.001330243173620086,43.47756641095601
4385.199999990891,0.9987918550194099,0.0011174508253529193,43.22731738612726
4385.599999990882,0.9995418087104091,0.0010014910432813928,43.21750840034748
4385.999999990872,0.9995350483236213,0.0010462239078954743,43.304785159426075
4386.399999990863,0.9998713390600901,0.0012202926610108112,43.38360553948239
4386.799999990853,1.000850491330977,0.001340033342165994,43.48536290890133
4387.199999990844,1.0005367993036889,0.0013587576762612375,43.43098454430025
4387.5999999908345,0.9999403477018663,0.0013159327324233283,43.30457439316378
4387.999999990825,1.001291551366577,0.0013379584698443182,43.30725858431641
4388.399999990816,1.001707581223931,0.0013907524539570678,43.518141500556794
4388.799999990806,1.0017244965859395,0.0014340373017454186,43.57035585860442
4389.199999990797,1.0008564335434555,0.0015260143342500664,43.646843160074056
4389.599999990787,1.0006859223049633,0.0016571974700201838,43.71233492061718
4389.999999990778,1.000162958286481,0.002142264730052801,44.25673987106602
4390.399999990768,0.9979373710563562,0.0022742240826500804,44.42649282425537
4390.799999990759,0.9978080587484046,0.0019852854940916077,44.235520767975096
4391.199999990749,0.9982887515755748,0.0018917517983925867,44.18361818979292
4391.59999999074,0.9998500493882443,0.001978458143707686,44.172168767356496
4391.99999999073,1.0010013474563484,0.0019574100466910496,44.16752496421917
4392.399999990721,1.0017667318135142,0.001733989294936391,44.100055881140314
4392.7999999907115,1.0025020001394487,0.0015572251641617605,43.92107369243442
4393.199999990702,1.0023302608129163,0.0015417709799498886,43.862934977366805
4393.599999990693,1.0018296492883019,0.001575766789247837,43.84582737015734
4393.999999990683,1.0020209053291684,0.0015745236492578799,43.91833445768872
4394.399999990674,1.0024350819814336,0.0014259150760166596,43.715195734158904
4394.799999990664,1.0018751311235858,0.0011889015375155588,43.37897171913215
4395.199999990655,1.0001095881444604,0.001042216468215271,43.15463088020334
4395.599999990645,0.9990694742158563,0.0009625150578799895,43.03831377162741
4395.999999990636,0.998744553346589,0.0009818377831689788,42.96222087158677
4396.399999990626,0.9990743718500421,0.0010981750545628643,43.053850958873774
4396.799999990617,0.997458203386135,0.001262560308160069,43.327629735157124
4397.1999999906075,0.9958156131269119,0.001319233376944161,43.60931578630699
4397.599999990598,0.996397163888437,0.0012710360858451733,43.61351708983983
4397.999999990589,0.9972617342169628,0.001370080696841002,43.85938740085517
4398.399999990579,0.9977302471987023,0.001548776237652313,44.02962666915741
4398.79999999057,0.9979356298188883,0.0015529676108192677,44.01564457583701
4399.19999999056,0.9986717751529879,0.001653404960579307,44.11258390569956
4399.599999990551,1.0001805408933386,0.0016560474147936852,44.04196136254754
4399.999999990541,1.0011681232083933,0.0017109730694894042,43.74975599956511
