t,u,tke,sdr
4000.0,1.0901344867136435,0.030745106520578946,41.42880739018323
4000.3999999999905,1.090536904256726,0.030745624573410842,41.42934823743675
4000.799999999981,1.090941748515314,0.030747602029479494,41.42933713065351
4001.1999999999716,1.0913456329717395,0.030750822559290108,41.42996173369273
4001.599999999962,1.0917455654780808,0.03075593834986308,41.43082742734445
4001.9999999999527,1.09213946082998,0.030762605144851705,41.43180392973869
4002.3999999999432,1.0925271795232272,0.0307704739370924,41.43281277840219
4002.799999999934,1.0929103291451479,0.030779143718898706,41.4338083280577
4003.1999999999243,1.0932915225780377,0.030788197544010763,41.434759249890455
4003.599999999915,1.0936734864454647,0.030797258358487227,41.435655277323946
4003.9999999999054,1.0940582820762972,0.0308059875234478,41.4365040057646
4004.399999999896,1.094446686383759,0.03081400411650571,41.437320852391714
4004.7999999998865,1.0948377038946215,0.030820678929350212,41.43811771376167
4005.199999999877,1.0952281873581178,0.03082464195941189,41.438891426796424
4005.5999999998676,1.0956125447562701,0.030823068938379553,41.43960703341746
4005.999999999858,1.095982484150203,0.03081097357138408,41.440180840043226
4006.3999999998487,1.0963268411369154,0.030780382926052025,41.44047889735931
4006.799999999839,1.0966319182779432,0.030718921513404922,41.44033505629426
4007.1999999998297,1.0968824313167536,0.030607930641875267,41.43957912833401
4007.5999999998203,1.097063274809727,0.030420369854078182,41.43804357480522
4007.999999999811,1.0971618091829245,0.03012149284609244,41.43559153278992
4008.3999999998014,1.097170369981928,0.029676118250807574,41.43224461494906
4008.799999999792,1.0970883186792937,0.029058224391266246,41.42815466970028
4009.1999999997824,1.096923028929959,0.02825656925498286,41.42334533934812
4009.599999999773,1.0966891532251264,0.027282702731717342,41.41759015868821
4009.9999999997635,1.0964061353394803,0.02618135069411533,41.41064367297124
4010.399999999754,1.0960941017616668,0.02503488813049497,41.40229726324537
4010.7999999997446,1.0957692412276334,0.023954444138400664,41.39250599379043
4011.199999999735,1.0954410799023873,0.02304978907234082,41.382488047068136
4011.5999999997257,1.0951129759382112,0.02238824413981644,41.3749666051803
4011.9999999997162,1.0947853882160314,0.021974825841974917,41.3730743312791
4012.399999999707,1.094460688064191,0.02177280274772699,41.3785434564433
4012.7999999996973,1.094147780605984,0.021732210600528858,41.390524633233376
4013.199999999688,1.093865147846016,0.02179800592912394,41.40619630428684
4013.5999999996784,1.0936425362871907,0.021904893354582743,41.42194996867144
4013.999999999669,1.0935181987394782,0.021975438199775293,41.43424886011624
4014.3999999996595,1.0935326273201014,0.021934481795182384,41.44052502747856
4014.79999999965,1.0937226465389431,0.021734055149359097,41.440447886309805
4015.1999999996406,1.09411520038081,0.021366650168602286,41.43494561294036
4015.599999999631,1.0947221504198579,0.020856020839908816,41.42524173834649
4015.9999999996217,1.095538147879665,0.020236600200509273,41.41206644789934
4016.399999999612,1.0965414635914927,0.019539890998356842,41.39601434559324
4016.7999999996027,1.0976991803510319,0.018790682896065877,41.37820311964449
4017.1999999995933,1.0989777777246024,0.018011409340873086,41.360359235539605
4017.599999999584,1.1003590541741586,0.017229183321861578,41.34462625437424
4017.9999999995744,1.1018592961422815,0.016483998787719598,41.33333285219529
4018.399999999565,1.1035480389582608,0.01583311011659499,41.329095258500345
4018.7999999995554,1.1055616535480361,0.015342247816557667,41.33523322094692
4019.199999999546,1.1080952563192084,0.01505039314262951,41.35439202305851
4019.5999999995365,1.1113458681479338,0.014882027864760457,41.38539199121319
4019.999999999527,1.1154321486580259,0.014584962157710962,41.41898749246859
4020.3999999995176,1.1203325234144685,0.013945082500074016,41.42441503757703
4020.799999999508,1.125815527377346,0.012954641860578126,41.34860191978233
4021.1999999994987,1.1314284080696637,0.011689797105478239,41.24947717633019
4021.5999999994892,1.1366604527094013,0.010676026726231627,41.23691569347609
4021.9999999994798,1.1411234431752213,0.010189701063612633,41.27997909453631
4022.3999999994703,1.1446510268052263,0.009996544376436647,41.32035618392572
4022.799999999461,1.1472831775990113,0.009925524447723882,41.34394351732172
4023.1999999994514,1.1492134190145216,0.009946146525601104,41.35211881170979
4023.599999999442,1.1507691115894878,0.010094952516452767,41.35609312274535
4023.9999999994325,1.1524340448591648,0.010433050047431593,41.37042220867513
4024.399999999423,1.1548135145559533,0.010986608338054982,41.40758178403803
4024.7999999994136,1.1584862721805127,0.011581635493950575,41.47556680827879
4025.199999999404,1.163833212651725,0.011641312718356698,41.56433063132871
4025.5999999993946,1.1708463982668518,0.010863103042072322,41.60928510977453
4025.999999999385,1.1789202121846185,0.009262730238330706,41.493459145351956
4026.3999999993757,1.187083937693442,0.008046507955963579,41.424352461230136
4026.7999999993663,1.194651647598762,0.007795722210813241,41.46870223940208
4027.199999999357,1.2015388848849833,0.007757662333009859,41.50399977394131
4027.5999999993473,1.2077469462981707,0.007616138279910966,41.54859737271676
4027.999999999338,1.2129062113767723,0.0072562708910502245,41.63055956554069
4028.3999999993284,1.216087165062863,0.006757860096836575,41.78326957817921
4028.799999999319,1.21637461503945,0.006106555908463954,41.9125141818839
4029.1999999993095,1.213464534800202,0.005466573976146612,41.972766380820474
4029.5999999993,1.20696893964027,0.005112228432631168,42.078671448257836
4029.9999999992906,1.1978081974509838,0.005125347577329933,42.38732628892978
4030.399999999281,1.1876007671126765,0.006307082435077525,44.72719170947949
4030.7999999992717,1.1772778228153835,0.007898394506105648,45.535756168173066
4031.199999999262,1.1681291041355648,0.008496730369843258,43.57171834197608
4031.5999999992528,1.1619368103525456,0.009444977921317122,42.39994221308871
4031.9999999992433,1.1580418075402008,0.010077644048370775,42.11946269459675
4032.399999999234,1.155617294391048,0.010081531325955972,42.05161627220394
4032.7999999992244,1.1541756034740989,0.009436651547004382,42.01418814053888
4033.199999999215,1.153614054251808,0.00858553470209204,41.96506553926308
4033.5999999992055,1.1538548348624216,0.007819296628044661,41.87048107476363
4033.999999999196,1.1546537476798382,0.0071083733894044925,41.696277565521505
4034.3999999991865,1.1555567410922734,0.006533735221204983,41.48501103165893
4034.799999999177,1.1560825738047913,0.006316127068428386,41.43951361999505
4035.1999999991676,1.1559863569824114,0.006396779215579157,41.5529552313632
4035.599999999158,1.1554576715596607,0.006559632602712815,41.72368561723514
4035.9999999991487,1.1550392436664632,0.00648406529208715,41.9588444755095
4036.3999999991393,1.1553151721554789,0.005536136164487175,42.4219220546773
4036.79999999913,1.1570883661873161,0.004978779145425439,42.77291109741171
4037.1999999991203,1.1598523633140239,0.005207325722183576,42.70667173660904
4037.599999999111,1.1627247660771585,0.006038926651336423,42.58610648569673
4037.9999999991014,1.165205222417218,0.007162093614448436,42.37198527019961
4038.399999999092,1.1672795557175153,0.007689015383699804,42.27171554351198
4038.7999999990825,1.1691233682024027,0.00791899459146442,42.323939265016115
4039.199999999073,1.1710421035659437,0.007854001810824018,42.43135719159919
4039.5999999990636,1.1733994290315706,0.007699401123107284,42.6412411238179
4039.999999999054,1.1761481613960652,0.007339052384516715,42.89652321332922
4040.3999999990447,1.179765341666528,0.006903933269047012,43.16168397630364
4040.799999999035,1.184742528538987,0.006673126931873177,43.44461363365266
4041.1999999990257,1.1891564941219361,0.0066515277638141464,43.74339154774006
4041.5999999990163,1.1923273194494133,0.006083935437661875,43.53744740727086
4041.999999999007,1.1954682098616527,0.005709154206731947,43.42270182683876
4042.3999999989974,1.198257059850901,0.00510445853831571,43.429789009440356
4042.799999998988,1.2011833429267755,0.004673219406299465,43.31951305577296
4043.1999999989785,1.2038368286383259,0.004481462295620153,43.446263088200574
4043.599999998969,1.2058394121842224,0.004518250651746411,43.58730445772685
4043.9999999989595,1.2077361857558382,0.0045948062509742794,43.341502707734705
4044.39999999895,1.2111320665968417,0.005194848394418878,43.05265067415202
4044.7999999989406,1.2156016743465576,0.006011574476529192,43.114445773840735
4045.199999998931,1.218842063422189,0.006400014374422575,43.38672692357137
4045.5999999989217,1.219758100529663,0.006619604264994483,43.73420063715997
4045.9999999989122,1.2171019728497126,0.006748538817934971,44.24927130887112
4046.399999998903,1.2150938806867557,0.0070220007801658916,44.618090858497354
4046.7999999988933,1.2176273647426372,0.007358664573791893,44.8786843015988
4047.199999998884,1.2210699244410232,0.007523320592018549,44.99743249774711
4047.5999999988744,1.2230974334624254,0.007344603767288649,45.247938843616396
4047.999999998865,1.2232444219890988,0.007235229029211669,45.19482996045646
4048.3999999988555,1.2223656287242581,0.006901295595709197,45.178493261646246
4048.799999998846,1.2229684081230996,0.006127722823681375,45.643813133513504
4049.1999999988366,1.219622776897087,0.00551509045133071,45.51767240696579
4049.599999998827,1.2173131634897243,0.005566074129700628,45.94753906325264
4049.9999999988177,1.21762332134507,0.004913179590616346,44.99569511472767
4050.399999998808,1.2149739329749536,0.0046335331573500345,44.50229223289603
4050.7999999987987,1.211803216344742,0.004907443552827595,44.225416182633026
4051.1999999987893,1.2087474683953972,0.005585680669466214,43.924332641960696
4051.59999999878,1.2068730076764231,0.0063213920808596735,44.35373145998492
4051.9999999987704,1.2061338506580093,0.006088913673126947,44.75425805983512
4052.399999998761,1.205125789772098,0.005535699805277492,44.87496390590122
4052.7999999987514,1.2022048292853313,0.0051023364743905475,45.06882873914436
4053.199999998742,1.1992374122845295,0.004732355097329013,45.006437369640125
4053.5999999987325,1.1981023844177017,0.004385804189399087,45.04871380072337
4053.999999998723,1.1955279421207285,0.003910593009300567,44.8641328625916
4054.3999999987136,1.1919807130431188,0.0035162172376623207,45.03710073097613
4054.799999998704,1.1854133566805871,0.003718181392947674,45.410698560554046
4055.1999999986947,1.1783356937514935,0.0034981338305906727,45.615561183314746
4055.5999999986852,1.172787469174578,0.0034707768663895973,45.61330818432889
4055.999999998676,1.1694992122036354,0.003481090803670021,45.53486090708698
4056.3999999986663,1.1642187614113602,0.0038308911475432306,45.75178041493891
4056.799999998657,1.1587616108475642,0.003611450011711934,45.59903289209684
4057.1999999986474,1.1537762465689625,0.0036369958660409547,45.78157846802263
4057.599999998638,1.1494252476456126,0.0037570559821177405,45.75962506204466
4057.9999999986285,1.146320655477447,0.004489053020846333,46.494829694516625
4058.399999998619,1.1437007111982405,0.004536371431662033,46.23334291128378
4058.7999999986096,1.1390776392043473,0.0038940141339607885,45.55263334351063
4059.1999999986,1.1345607357786138,0.0033947946303271616,45.34944377286448
4059.5999999985906,1.134221262573226,0.0034571674350621193,45.41749734042055
4059.999999998581,1.1277290244080307,0.003569462555511883,45.52461988977947
4060.3999999985717,1.1210273236904809,0.003525097009973717,45.690145231459354
4060.7999999985623,1.1150796382686892,0.003517984790476121,45.68534340423797
4061.199999998553,1.1105734206903786,0.0035062709827109644,45.481684491154645
4061.5999999985434,1.1079219608877209,0.003392384185162143,45.51936653139713
4061.999999998534,1.1059305158143338,0.003019757772333531,45.3145000372097
4062.3999999985244,1.1034012973588998,0.00287967498376671,45.23315597023511
4062.799999998515,1.100816285125904,0.0032076925298480004,45.498572964337384
4063.1999999985055,1.0981340083480167,0.003403871378013744,45.407268259955075
4063.599999998496,1.09518238161629,0.0035573278652651385,45.778969686383704
4063.9999999984866,1.092157033977642,0.003415088270432619,45.642824057868985
4064.399999998477,1.0876015012343434,0.0032283076668076787,45.385752805536804
4064.7999999984677,1.0849685702332057,0.0031916019315143614,45.33634497492746
4065.199999998458,1.0886574779622358,0.00316539994878833,45.31508115193406
4065.5999999984488,1.085287722957717,0.002874217366892686,45.01772853865364
4065.9999999984393,1.0825906689332874,0.0027095156973128702,44.926740873502766
4066.39999999843,1.082879304982651,0.002469450721247617,44.827438315288845
4066.7999999984204,1.0830089148295952,0.0023055670324504023,44.70725822123801
4067.199999998411,1.0833060474366447,0.0026199806362631776,44.94668827780907
4067.5999999984015,1.08385782497549,0.0032277063245533823,45.443739726962114
4067.999999998392,1.077367936903291,0.003872379456321993,46.13508746335946
4068.3999999983826,1.0722995539735223,0.0040108989521323085,46.57913072614174
4068.799999998373,1.0672750210422846,0.004054649034178543,46.83117225325684
4069.1999999983636,1.0630878465406468,0.0035835954593120005,45.98605836204727
4069.599999998354,1.0582344862247843,0.0030664811672409084,45.47703677927107
4069.9999999983447,1.0531135861524281,0.0028475593888645577,45.25273319233979
4070.3999999983353,1.0527896451026006,0.002569267538420949,45.038979461901874
4070.799999998326,1.0475657579607929,0.00208152748206925,44.78504338642479
4071.1999999983163,1.0423116745043286,0.001987110010333153,44.76730082402568
4071.599999998307,1.038347979959551,0.0018919644783067366,44.448587492059126
4071.9999999982974,1.03684121074226,0.0022983770193898113,44.65405624426829
4072.399999998288,1.0400395755881064,0.0029529505796339,44.69871227172028
4072.7999999982785,1.039073362926584,0.002470184636342304,44.36743271471759
4073.199999998269,1.0380875113055985,0.0024746014975896217,44.53460453465421
4073.5999999982596,1.0341856529920996,0.00231515234756483,44.5199693206794
4073.99999999825,1.0298438991198373,0.0020956331405523514,44.49159060799245
4074.3999999982407,1.0253509739575442,0.0020358339025942688,44.67818481241305
4074.799999998231,1.020981441366261,0.00208641100040224,44.85966173317157
4075.1999999982218,1.017655301808211,0.002070170762734246,44.6748639449583
4075.5999999982123,1.016940933184737,0.0021195046926829326,44.709110528942816
4075.999999998203,1.0149058962116138,0.0022682940762872848,44.71804201384229
4076.3999999981934,1.013620554055318,0.002628241067149589,44.876670369047716
4076.799999998184,1.0119602398761358,0.0023880837514679357,44.5776745339895
4077.1999999981745,1.0101040954544536,0.002295327588738669,44.33148319187712
4077.599999998165,1.0086248833577607,0.0024428180917247244,44.18392797439512
4077.9999999981555,1.007498529509028,0.0030007319512266326,44.62564050914204
4078.399999998146,1.0064362881874214,0.00302661344084135,44.83770377952597
4078.7999999981366,1.003721922200603,0.0026278124524639567,44.692260974262865
4079.199999998127,1.0010807188637174,0.00214021754572015,44.387542326738455
4079.5999999981177,0.9984875343824074,0.0020621779779934693,44.40354979090213
4079.9999999981083,0.9963559909378438,0.001941302693533986,44.404760343647744
4080.399999998099,0.9949070841987762,0.0023842925288608207,44.810997540299624
4080.7999999980893,0.9933641614034289,0.0018918694008546895,44.360097874185826
4081.19999999808,0.9918635229148002,0.0015547325131005606,43.83553872955308
4081.5999999980704,0.9916431923458463,0.0014479291384004909,43.56410697243085
4081.999999998061,0.9907687104524481,0.001388247488102804,43.44019983949418
4082.3999999980515,0.9896171074018659,0.001467256783937133,43.43647323970689
4082.799999998042,0.988749626654366,0.0016651788732089652,43.505343444116555
4083.1999999980326,0.9886200124655795,0.0018309451230875363,43.7084550040301
4083.599999998023,0.9889772821241514,0.001971316707252343,43.81273819821448
4083.9999999980137,0.9888402448926944,0.00223933267825911,43.964381083215805
4084.399999998004,0.9889745445898535,0.002791433422875732,44.300098841324996
4084.7999999979947,0.9900490133336034,0.003052848692371456,44.564057373171956
4085.1999999979853,0.9917764820372889,0.0028316507533586743,44.52581210878686
4085.599999997976,0.9938970294166183,0.002814959038087074,44.3830738740784
4085.9999999979664,0.9954550605807999,0.0025384323807693117,44.17913603100559
4086.399999997957,0.9955282468259397,0.002556522628946573,44.16403265550442
4086.7999999979475,0.995118514381531,0.002656163780431447,44.27823284142452
4087.199999997938,0.9915784039936271,0.0026685495244608204,44.526872515936375
4087.5999999979285,0.9876947583247664,0.0025615466956842594,44.60368277763352
4087.999999997919,0.9864288115931128,0.0026929829389092394,44.80722293360904
4088.3999999979096,0.9857598487311409,0.0026692172859645075,44.917372281030715
4088.7999999979,0.9853538086533393,0.002765643608950229,44.80394395274112
4089.1999999978907,0.9848154996560126,0.0026391303298859865,44.491723542972025
4089.5999999978812,0.98261325691874,0.0024085889709026366,44.26934142501299
4089.999999997872,0.9820768957362133,0.002414992130680059,44.06220487737365
4090.3999999978623,0.9818313625798811,0.002254142088370545,43.96486895889549
4090.799999997853,0.9812009536901861,0.001987654499245898,43.96506495321873
4091.1999999978434,0.98046615012183,0.0017996234346273356,43.8841806490225
4091.599999997834,0.9807461049047135,0.001584514276123341,43.62499309455815
4091.9999999978245,0.9803077766150889,0.0015915169638104048,43.495260370791655
4092.399999997815,0.9790345565264631,0.0016122677330325053,43.479751088385186
4092.7999999978056,0.9768574455164155,0.0017260968162648045,43.64655405640009
4093.199999997796,0.9770428619258256,0.001967905968983307,44.02702493407932
4093.5999999977867,0.9755990074568163,0.002059956543654787,44.24094866002937
4093.999999997777,0.9737214822411889,0.002088797674098883,44.3238082021859
4094.3999999977677,0.9710708657647793,0.0020253060367639445,44.35544558754777
4094.7999999977583,0.9693296847010946,0.0019284415918028929,44.02526187613918
4095.199999997749,0.9688428842957547,0.0017991493418479645,43.72919861247589
4095.5999999977394,0.9685684675014609,0.0017349611514352508,43.683739113215545
4095.99999999773,0.969745070804195,0.0019077683889798037,43.904727839657234
4096.39999999772,0.9719152450828008,0.001964160682533724,43.960979624531504
4096.799999997711,0.9735231473500241,0.00188610827993238,43.896675343863876
4097.1999999977015,0.9732838057626858,0.0019749475177681768,44.01520185951654
4097.599999997692,0.9737686446037273,0.001983212196928726,44.01845543909712
4097.999999997683,0.9744386209045556,0.0019706216498317163,43.74947289402109
4098.399999997673,0.9754177005971034,0.0017649410728518833,43.32240471697345
4098.799999997664,0.9760855554280982,0.0017905840090950223,43.50032193317608
4099.199999997654,0.9754408673555588,0.00206336178251005,43.817675531932466
4099.599999997645,0.9747344347441962,0.002334850674777884,44.110750062812265
4099.999999997635,0.9746021012702991,0.002453240796175953,44.32535847078094
4100.399999997626,0.9724237548211394,0.002421156859364317,44.31745279759353
4100.799999997616,0.9724409479280632,0.0023110296274650747,44.33825322291967
4101.199999997607,0.9714313263864922,0.0023036772653012316,44.339978830174715
4101.5999999975975,0.9698108839725218,0.0024457212762954207,44.29475576905822
4101.999999997588,0.969016410589313,0.0024837655073498425,44.17857751767682
4102.399999997579,0.9684413816516433,0.002534107764791409,44.18193799950467
4102.799999997569,0.9678202428702349,0.00250048420114201,44.24790088952067
4103.19999999756,0.9665305648426411,0.002278470953486205,44.202351784304305
4103.59999999755,0.9644727648625605,0.0020541746533016816,43.88020249620737
4103.999999997541,0.9636086239720687,0.0019635581425426862,43.78191074969465
4104.399999997531,0.9648571278049916,0.001990451189163083,43.92261774224781
4104.799999997522,0.9646232064534058,0.0021295853623272245,43.95439577374044
4105.199999997512,0.9634767572727028,0.002149907309510062,43.920929840096974
4105.599999997503,0.9628598996100561,0.002126222246006841,43.800557353670065
4105.999999997493,0.9619355594651426,0.0024817418650108555,44.10633838744281
4106.399999997484,0.9604155867087312,0.0026134352289247063,44.410986839753996
4106.7999999974745,0.95927376675404,0.0025614931679158706,44.42759474704248
4107.199999997465,0.9574011355280703,0.002269813127899534,44.1576254407876
4107.599999997456,0.9558372065569256,0.0022811482656166244,44.30127617040831
4107.999999997446,0.955641867199371,0.0020967218511903024,44.273667994811795
4108.399999997437,0.9558005612555546,0.0019450024131903929,44.08258308193698
4108.799999997427,0.9548961980282101,0.0019217113384580764,43.971159124183565
4109.199999997418,0.9540371021901776,0.002089081039439241,44.04509572085299
4109.599999997408,0.9523964808710494,0.0023156951045815656,44.24937355345029
4109.999999997399,0.9504030438157319,0.0022716430419386065,44.207199933863556
4110.399999997389,0.9496428991263852,0.0023411409265839743,44.27307894297731
4110.79999999738,0.9503523401383044,0.0023913207617856395,44.260969768224015
4111.1999999973705,0.951753993351868,0.0024475500337213484,44.283689199723675
4111.599999997361,0.9535341685688555,0.0026276375133313045,44.171228528819924
4111.999999997352,0.9540997582856972,0.002241223084490559,43.81577529599144
4112.399999997342,0.9545175153452984,0.002351748415641039,43.96406903679605
4112.799999997333,0.9551492416443428,0.0025202095945113467,44.07981148224807
4113.199999997323,0.9552921644663367,0.0023925968673154216,43.8956766868776
4113.599999997314,0.9550966025180427,0.002445703347334726,44.025148369080156
4113.999999997304,0.9554482263144848,0.0022530896635040453,44.040571774308006
4114.399999997295,0.9550312721148605,0.002145024348435409,44.30416944282858
4114.799999997285,0.9532703409380873,0.002424614912878269,44.81875714891732
4115.199999997276,0.9516891109336953,0.002435041518582863,44.7186917702451
4115.599999997266,0.9503890812372435,0.0024620915915683135,44.84580648081213
4115.999999997257,0.9494955674788665,0.002371615122838321,44.60663907753048
4116.3999999972475,0.948835803558605,0.0021964188709445347,44.38486134357076
4116.799999997238,0.9467053780394565,0.0021363475269028783,44.33223487406989
4117.199999997229,0.9464493074615502,0.0020551256879068613,44.19439193401535
4117.599999997219,0.9466255099119298,0.0017646738891482804,43.825501157037536
4117.99999999721,0.9453530569264317,0.001660371484190719,43.85165454734593
4118.3999999972,0.9436808839344547,0.0017766725341229505,44.06551633001039
4118.799999997191,0.9414110843957358,0.0017149524313614403,43.9296900843433
4119.199999997181,0.9392849660861652,0.0015947447886208608,43.768329414775614
4119.599999997172,0.9377886752620372,0.0017349499769034934,43.955182601439525
4119.999999997162,0.9374304524437767,0.0019583282204178104,44.17646047991354
4120.399999997153,0.93621346252561,0.0019550042631053016,44.05602865992873
4120.7999999971435,0.9338829370234859,0.0018537728016305244,43.96973749291767
4121.199999997134,0.9332420789249671,0.0017837716564724992,43.95197729368515
4121.5999999971245,0.9326672973376341,0.0018162876262218465,43.97922328151922
4121.999999997115,0.9318838146536317,0.0017962602376490003,43.861169508518124
4122.399999997106,0.9311024622887895,0.0018193578833531608,43.67530394818584
4122.799999997096,0.930470520966753,0.001970172046123363,43.78027096680937
4123.199999997087,0.9305388402413405,0.002083131513368864,44.012017799623145
4123.599999997077,0.9298696078040607,0.0022773579156085484,44.35715896855447
4123.999999997068,0.9294973433109284,0.0021828483822703276,44.341833135768006
4124.399999997058,0.927877270614686,0.0018371155357020795,44.11253734485255
4124.799999997049,0.9277335816818791,0.0018283558091437173,44.1126556486431
4125.199999997039,0.9276881980187468,0.001835926266831291,43.97619051594478
4125.59999999703,0.9284497455223758,0.0018927439388340113,43.848629342552755
4125.9999999970205,0.9282010239682145,0.002032452134576463,43.99406545077978
4126.399999997011,0.9261385484538301,0.002439977964705932,44.55630475828234
4126.799999997002,0.9255009000807373,0.00322751287984368,45.55657929965613
4127.199999996992,0.9249867977375573,0.0034847111976006543,45.76173138180482
4127.599999996983,0.9229436067928459,0.0032453804878370034,45.630300886435045
4127.999999996973,0.9199698429885773,0.0028075689350070205,45.05662627719231
4128.399999996964,0.917934213407035,0.0027054360909569255,44.882231364342545
4128.799999996954,0.9165411509708539,0.0024322376715134515,44.72564872450801
4129.199999996945,0.914540228526759,0.0023327042277875654,44.68844495319645
4129.599999996935,0.9130188713151209,0.0026555616549353367,44.958442601972656
4129.999999996926,0.9113483866423716,0.002577846207996742,44.91002462017295
4130.399999996916,0.9094711393559085,0.002465508097161874,44.63602718323144
4130.799999996907,0.9063958713717896,0.0022634234233906794,44.23945756517876
4131.1999999968975,0.9028452371055535,0.0019338656075261356,43.7805044054167
4131.599999996888,0.8999638031527395,0.0018312632600239935,43.69811052776048
4131.999999996879,0.8983525351539636,0.0014626683523640241,43.50138422913404
4132.399999996869,0.8969447352407147,0.0013154685086722534,43.33028337288232
4132.79999999686,0.8961890525625432,0.0013665984289898008,43.372168401499074
4133.19999999685,0.8948099624792522,0.0015973742311671112,43.42911368508524
4133.599999996841,0.8937400600997337,0.0018807574806567302,43.50306702588101
4133.999999996831,0.8924890681430153,0.0019126174942223286,43.69099370563679
4134.399999996822,0.8924517783933531,0.001824085821314201,43.728787493383756
4134.799999996812,0.8926234420865621,0.0018577364185404616,43.777771039623254
4135.199999996803,0.8926735671756884,0.0020898754158953222,44.01819278520377
4135.5999999967935,0.8923509430112482,0.0022151238175660976,44.06074132433547
4135.999999996784,0.8923113914316175,0.002322528699246046,44.17873835631287
4136.399999996775,0.8920042320462594,0.0026505958409313198,44.51631300032489
4136.799999996765,0.8916494070391162,0.0030647041371712415,45.00501807764451
4137.199999996756,0.8911965103956643,0.0026076979968898324,44.694958414971886
4137.599999996746,0.8908862213178267,0.00244277947638277,44.253859279453216
4137.999999996737,0.8899575578415945,0.0026996308988385125,44.35724077168487
4138.399999996727,0.8884448531738538,0.00240290378137559,44.49169882930196
4138.799999996718,0.8860507753811603,0.002218668363988947,44.29408257785078
4139.199999996708,0.8847779291067729,0.0020793267844906663,44.200772911568556
4139.599999996699,0.8869034731519616,0.00186941159357965,44.05688629930833
4139.999999996689,0.8852316192807036,0.0017803707729050935,43.953532344214516
4140.39999999668,0.8841765085147264,0.0021727134174076945,44.042533536593844
4140.7999999966705,0.8831585471446755,0.002094728730065223,44.05706772086233
4141.199999996661,0.882753050324028,0.0016624364169716265,43.65196155448808
4141.599999996652,0.8833833960348596,0.0015426103267398618,43.49534155778333
4141.999999996642,0.8820986513965516,0.0016863636084465488,43.69808323589364
4142.399999996633,0.8820584734298726,0.0018392503885693958,43.948764512693145
4142.799999996623,0.8822155434024186,0.0018961853124655412,44.09361253636063
4143.199999996614,0.8815334585806922,0.0018405247019372543,44.09837389246404
4143.599999996604,0.8816493203685459,0.0017533591147162694,44.03861899094808
4143.999999996595,0.8818553256756236,0.0017912780528501146,44.07291355405816
4144.399999996585,0.881029276779341,0.0017783137958932978,44.07628462578265
4144.799999996576,0.8833503267255058,0.001683008306025777,43.86804595288357
4145.1999999965665,0.8850801171730178,0.0015928672318622663,43.710389805032484
4145.599999996557,0.8849997893985636,0.0016196580871326441,43.680095746574544
4145.999999996548,0.8846064993044558,0.0017489814390557238,43.819561669470595
4146.399999996538,0.8845495816205938,0.001919900802765157,43.99621557977024
4146.799999996529,0.8852518841430314,0.0020011886835212037,43.924430896583196
4147.199999996519,0.8859684208854751,0.001982128648496444,43.918354432735214
4147.59999999651,0.8863958904030073,0.0019210532685899689,43.934839755445985
4147.9999999965,0.8868239322863496,0.001934218030871228,43.79550895692457
4148.399999996491,0.8871858495287864,0.0020362915797480746,43.80267072276703
4148.799999996481,0.887190152274465,0.0025103944059508532,44.12145643198798
4149.199999996472,0.8868301517878713,0.0023795271341187714,44.057224794683584
4149.599999996462,0.8874038817881164,0.002008338963600214,43.87300011501826
4149.999999996453,0.8874468318108298,0.0020062081684422504,44.16721382480871
4150.3999999964435,0.8862879251458868,0.0021912296689851254,44.49416038603437
4150.799999996434,0.8843083678405849,0.0020919804799615573,44.45313121279647
4151.199999996425,0.8830329113119709,0.0021381029751286855,44.397719472600706
4151.599999996415,0.8820760639688734,0.002083034738114704,44.12482738116853
4151.999999996406,0.8814179790454805,0.002122279302281823,44.07880062912977
4152.399999996396,0.8811643058495889,0.002331922750867031,44.4637665248499
4152.799999996387,0.8814772080917734,0.0023579227428174097,44.5370294903076
4153.199999996377,0.8797490349259924,0.0021642396786641332,44.21698519613288
4153.599999996368,0.8766849169680977,0.0020619276688832377,44.16566414883323
4153.999999996358,0.8735327958517128,0.0021019041130685197,44.38180796873107
4154.399999996349,0.8732010857192014,0.002318862072110777,44.77294899411802
4154.7999999963395,0.8725524924123433,0.0024287752617322615,44.823038187728436
4155.19999999633,0.872147734202648,0.0020334708623462464,44.32159820087967
4155.599999996321,0.8708005689162178,0.0019273695617217036,44.12802656704572
4155.999999996311,0.8692076310953164,0.001925192656320793,44.144906874035435
4156.399999996302,0.867935843876955,0.0017840775122963178,43.97100112645435
4156.799999996292,0.8675311844317201,0.0015740677914708558,43.62613599697583
4157.199999996283,0.8664940095626177,0.001306730847882221,43.218623391265766
4157.599999996273,0.8647003548049761,0.0011423320224092242,43.042475294768
4157.999999996264,0.8633002805072639,0.0010645141204129746,42.92648118371366
4158.399999996254,0.8622654428340427,0.0010873487938450805,42.87143772264078
4158.799999996245,0.8618561483877148,0.0012347415706068729,42.94197469483158
4159.199999996235,0.8624154885489673,0.0013994063850904124,43.09565443787163
4159.599999996226,0.8625923487500005,0.0014515391710460343,43.21874524773787
4159.9999999962165,0.8630186777440962,0.0016546172815280933,43.40246516260725
4160.399999996207,0.8643683593863238,0.0015770459924632162,43.34686659053508
4160.799999996198,0.8657169582353035,0.0016969693913965584,43.50755742197067
4161.199999996188,0.8658789857665263,0.001882821249087091,43.76188851593997
4161.599999996179,0.8668639028311109,0.0020814425255658124,43.995402963032646
4161.999999996169,0.8667890678277336,0.002297353583396947,44.206676037709094
4162.39999999616,0.8658967605488851,0.001986611185073308,44.01052998066624
4162.79999999615,0.8650546635571841,0.0019204563255414058,43.91214991451418
4163.199999996141,0.8642978820132141,0.001786852319950802,43.77441726208176
4163.599999996131,0.8644690508931474,0.001698420506036559,43.63528882313558
4163.999999996122,0.8650481914187668,0.0016407822443762032,43.47562050000542
4164.3999999961125,0.864934530891441,0.0016023570699985005,43.43812978320782
4164.799999996103,0.8657187133449563,0.0016491922439505478,43.55715548092034
4165.1999999960935,0.86532463479905,0.001698364866531114,43.5858768342954
4165.599999996084,0.8647916886272493,0.0018306472607786165,43.6706259307732
4165.999999996075,0.8658406094628607,0.0018268823653524128,43.55294698309191
4166.399999996065,0.8674965813001682,0.0017126706700716615,43.42337709791193
4166.799999996056,0.8685323315904064,0.0016484674396499575,43.36503992089644
4167.199999996046,0.8691066725912916,0.0016043420650132022,43.42715606831142
4167.599999996037,0.869488009606456,0.0015216276890759146,43.326009459244204
4167.999999996027,0.8689968426833183,0.0014466178549835467,43.341723836447024
4168.399999996018,0.8680123698517525,0.0014236746684116962,43.43879229222304
4168.799999996008,0.8663318381326554,0.0013512247319376254,43.32163463582826
4169.199999995999,0.8643091966604236,0.0013189787231047056,43.42866115582096
4169.5999999959895,0.8632498589651284,0.0012455923326344855,43.32621653871863
4169.99999999598,0.8630576335750992,0.0012616981416906775,43.31801242091907
4170.399999995971,0.8631983880620961,0.0013471121483862643,43.40155070799598
4170.799999995961,0.8641515601366735,0.0014826233304554327,43.67632661832139
4171.199999995952,0.8646958183640865,0.001494950267963217,43.834603192420396
4171.599999995942,0.8637354270290468,0.0015563838179580372,43.97457620149459
4171.999999995933,0.8616604185461941,0.001554101192864397,43.82955842675934
4172.399999995923,0.861908416156815,0.0014873529516194208,43.76138313733555
4172.799999995914,0.861922260508019,0.0013845687390199113,43.50416063517086
4173.199999995904,0.861226984001528,0.0012711229599657314,43.19587696621327
4173.599999995895,0.8614364648104035,0.0011408176904149268,42.976563015261256
4173.999999995885,0.861756285094218,0.0011186449979035352,42.90989568857231
4174.399999995876,0.8630105353066173,0.0011013914011791762,42.8096777175268
4174.7999999958665,0.8647885988955138,0.0011989506556757282,42.79305855784859
4175.199999995857,0.866469354715458,0.0013082031518848339,42.84287761431804
4175.599999995848,0.8686008291823829,0.0012839375076303108,42.69803218065688
4175.999999995838,0.87109233050502,0.0013547935013026454,42.73419053175713
4176.399999995829,0.8720029260724521,0.0015370685565678423,42.906930501628395
4176.799999995819,0.8720458853836355,0.0018546954606776,43.29089288852728
4177.19999999581,0.873283839276361,0.002323605472881305,43.620868556377985
4177.5999999958,0.8759997253797774,0.002273239275388862,43.55472230700599
4177.999999995791,0.8767587413509218,0.0019307547753278386,43.24078112990698
4178.399999995781,0.8787222700996221,0.0018259094955242233,43.16325541325768
4178.799999995772,0.8795628641421775,0.0019145176577896827,43.43593384397131
4179.1999999957625,0.8811859828066398,0.0021378124102977587,43.818317947341704
4179.599999995753,0.8815791948009405,0.0020992034175694578,43.86751900757133
4179.999999995744,0.8818275323569527,0.0019268488630633238,43.72624149476032
4180.399999995734,0.8832229287283502,0.0018718910208682495,43.65233581725951
4180.799999995725,0.8855002540988638,0.001879962808475529,43.636209490764784
4181.199999995715,0.8876840197756275,0.0019249204749373931,43.59043771909429
4181.599999995706,0.8892340072528092,0.00196766100876874,43.592188000587015
4181.999999995696,0.8893648116401692,0.0018885750946452911,43.592789417338096
4182.399999995687,0.890466643654843,0.001891904700898874,43.69348328408867
4182.799999995677,0.8902787123335143,0.0019023683832760023,43.83471480661822
4183.199999995668,0.8892046735692763,0.0017689045133881,43.68209919453551
4183.599999995658,0.8875990918465555,0.0017048973319764992,43.72656563013828
4183.999999995649,0.8855681859370538,0.0015267558451142577,43.52947384668818
4184.3999999956395,0.8856240321946787,0.0014137660615426181,43.27579423882478
4184.79999999563,0.8868064603697099,0.0013190969009228897,43.06520065303989
4185.199999995621,0.888199183593606,0.0012663551207946532,42.961347840568116
4185.599999995611,0.8897062809927219,0.0013699229876863999,43.09110673066609
4185.999999995602,0.8917807381864817,0.001604759513263385,43.365202155934334
4186.399999995592,0.893267005809893,0.0020724418398323377,43.8126986242599
4186.799999995583,0.8943721252749458,0.0023089931537821572,44.08597045444514
4187.199999995573,0.8955399764531757,0.0023929331879480285,44.12482223571762
4187.599999995564,0.8972082101580092,0.002280328759275174,43.94758401854726
4187.999999995554,0.899516933768772,0.0019188075296727187,43.74544551226514
4188.399999995545,0.9003971543754825,0.001751459264044319,43.54018398642688
4188.7999999955355,0.9004814980088478,0.0017150494309714631,43.405740549920495
4189.199999995526,0.9010855850205323,0.00189997790845509,43.56951005308446
4189.599999995517,0.9014144352063175,0.0020608027573291478,43.6518494081844
4189.999999995507,0.9021691972185876,0.0020723120535215784,43.70574420108485
4190.399999995498,0.9041289968855704,0.0022010487674471,43.81338102235181
4190.799999995488,0.9059463755663262,0.0024496706164050344,44.065207118507026
4191.199999995479,0.9064567877114257,0.0022948136317282224,44.01227786558166
4191.599999995469,0.9053747556649125,0.0020128081655860644,43.95134724547259
4191.99999999546,0.9047602990392201,0.00201324020326668,43.99640163534204
4192.39999999545,0.9045377820816467,0.0017766822352304344,43.876102178950106
4192.799999995441,0.9037609797346631,0.0018802597526574498,44.08173557189467
4193.199999995431,0.9022633283973012,0.00202062240563315,44.22063076418721
4193.599999995422,0.9004268659681918,0.0021132596773133475,44.18952222025275
4193.9999999954125,0.8992512745939969,0.0021255343603584086,44.195734318694875
4194.399999995403,0.8971698438623048,0.0019112352307026148,43.94964791023502
4194.799999995394,0.8946454854051957,0.001691623956159106,43.675871223062444
4195.199999995384,0.8929948465429527,0.0015374548488110461,43.48526521385146
4195.599999995375,0.8921908474346232,0.0014976035262459044,43.52736406375168
4195.999999995365,0.8921905974055797,0.0014776276845148216,43.59269897859503
4196.399999995356,0.8912935385664312,0.0014971189741375384,43.6637923260664
4196.799999995346,0.8901078621295407,0.001632950391685467,43.748084711866255
4197.199999995337,0.8889357755320119,0.0017545425992825136,43.93693210061833
4197.599999995327,0.8882832603718264,0.001843538714130333,44.00489286634513
4197.999999995318,0.8879230488075674,0.0018472311203383523,43.95924563683183
4198.3999999953085,0.8863499089672509,0.001823325039713544,43.86867489921247
4198.799999995299,0.8855500535753539,0.0016810692873135446,43.634155126960316
4199.1999999952895,0.8853520169303262,0.0015824724055674448,43.62410568754091
4199.59999999528,0.8856986062429789,0.0015375707389713345,43.65423909266135
4199.999999995271,0.8869044415531196,0.0015782579097638834,43.554500787038755
4200.399999995261,0.8879150728963713,0.0015948850209297157,43.43814527612661
4200.799999995252,0.8890027202953688,0.001602139269915866,43.33383463805381
4201.199999995242,0.8893701395755553,0.0016441725991127461,43.35876066009517
4201.599999995233,0.8915044715459401,0.0016319993420426725,43.30236615321211
4201.999999995223,0.8933204066059954,0.0016807403499644125,43.3539710071286
4202.399999995214,0.8949348646111656,0.002014175411222159,43.69144572736158
4202.799999995204,0.896461353216221,0.002152719290733787,43.88781853071144
4203.199999995195,0.8975118313908261,0.0021729949008585676,44.05156089832601
4203.5999999951855,0.898239210113983,0.0023561093261921747,44.11340693949904
4203.999999995176,0.8986321080939138,0.0025800602912387587,44.107783600813285
4204.399999995167,0.9003130652511041,0.0023790578311512047,43.86214017275088
4204.799999995157,0.9004710893344418,0.0018917969857695914,43.676517365962496
4205.199999995148,0.9002616070850542,0.0017080205981306292,43.72834487910964
4205.599999995138,0.9006705712779914,0.0015564229771952126,43.53690667051873
4205.999999995129,0.9010745713713219,0.0014645935051237594,43.35388753122555
4206.399999995119,0.9018136261230953,0.0015133618312534272,43.32415038371619
4206.79999999511,0.9019876217094559,0.001560600399479183,43.23493272719258
4207.1999999951,0.9025196189799164,0.0014476785937663581,43.18713562153616
4207.599999995091,0.9032740477931146,0.001346900251098029,43.11572261363198
4207.999999995081,0.9030070848843917,0.0013035677553082602,43.095095274211246
4208.399999995072,0.9033173596580277,0.0012896374206519358,43.14650437484861
4208.7999999950625,0.9044500115162752,0.0015242199415279704,43.40824381024023
4209.199999995053,0.9058892309285739,0.0018760670005226543,43.750375628435364
4209.599999995044,0.906090817594228,0.0019716769837569872,43.80229036410519
4209.999999995034,0.9081475260803504,0.002070391932900622,43.83947679161548
4210.399999995025,0.9101901382498064,0.0021934025541505632,43.78587391111005
4210.799999995015,0.9115165349144986,0.0022454819945006634,43.69695764786819
4211.199999995006,0.9115587653478957,0.002311059205519791,43.714675435538986
4211.599999994996,0.9106354408242125,0.002191931039440905,43.67342325086997
4211.999999994987,0.9100673153203522,0.001752635229643007,43.31003700675176
4212.399999994977,0.909334739970859,0.001813437294717347,43.46063135814129
4212.799999994968,0.9104072895593373,0.0019062407347240147,43.713218536183646
4213.1999999949585,0.9114839108244153,0.0018217420718859333,43.71085038015921
4213.599999994949,0.9121645777471546,0.0016770243036407036,43.397208867321694
4213.99999999494,0.9121906474232647,0.0015913921964528744,43.26745186149529
4214.39999999493,0.9127467739905927,0.001561272973235551,43.29390196537173
4214.799999994921,0.9127657799822307,0.0014585553457219565,43.32511129153672
4215.199999994911,0.9126454046272184,0.0014504501481034011,43.33878702342469
4215.599999994902,0.9126765909213654,0.0014485756668948411,43.31114627997051
4215.999999994892,0.9135664683815363,0.001407386703519204,43.146199341265614
4216.399999994883,0.9148009636693157,0.001490426829412131,43.1015713604339
4216.799999994873,0.9166326291338448,0.0017147778071314504,43.25929974366488
4217.199999994864,0.9173696763568221,0.0019031433526695148,43.49456712762191
4217.599999994854,0.9186293436441809,0.001990606757177445,43.69645475031852
4217.999999994845,0.9210099583917093,0.001981336971355352,43.768994963486094
4218.3999999948355,0.9203195353856369,0.0019327576344363264,43.83378372703818
4218.799999994826,0.9194535439254286,0.0019964914277815315,44.05643506422992
4219.199999994817,0.9194483733012357,0.0021724976272374363,44.39651799897845
4219.599999994807,0.9198100939126161,0.0020031623014952625,44.20569101138297
4219.999999994798,0.9198451469151663,0.0017549079714205312,43.78707454793636
4220.399999994788,0.9202706476910762,0.0016392030448388953,43.625935751256996
4220.799999994779,0.919917932591846,0.0017278770504219028,43.67920713785686
4221.199999994769,0.918587393029038,0.0017888115059497445,43.612603175987466
4221.59999999476,0.9200122733151684,0.0017990420123625592,43.63303497368196
4221.99999999475,0.9189308790730281,0.0017218797095400118,43.603876355974364
4222.399999994741,0.9180912984542988,0.0016273706795976327,43.47151427012194
4222.7999999947315,0.918443685792799,0.0014246960653846923,43.30445031740627
4223.199999994722,0.9180632945077266,0.0013757104652918225,43.32177026282832
4223.599999994713,0.9184985587906324,0.0013587899019579012,43.27008662171593
4223.999999994703,0.9188750879756721,0.0014682881429601473,43.25330387947435
4224.399999994694,0.9201001986988838,0.0015728866644872236,43.22799985916853
4224.799999994684,0.9213232250035271,0.0016631008760211378,43.266397635750835
4225.199999994675,0.9222301245907724,0.0018706735234517008,43.40196582515039
4225.599999994665,0.9233654339581674,0.001827486019270622,43.38701436213168
4225.999999994656,0.924946724689726,0.0017641981374747167,43.4007056970408
4226.399999994646,0.9246604180690177,0.0018671140400311626,43.54886881252756
4226.799999994637,0.9238820108613623,0.001942282433053667,43.62845069052698
4227.199999994627,0.9240805601222496,0.001971971166377381,43.62979762698783
4227.599999994618,0.9227026941848754,0.0018459409829501411,43.52585375494483
4227.9999999946085,0.9209205226174675,0.0017221276855992162,43.41171230383255
4228.399999994599,0.9203972629843152,0.0016489891487236471,43.46011961228882
4228.79999999459,0.9205923583013869,0.0016900809831030766,43.6380000527969
4229.19999999458,0.9217907667562629,0.0016820787026936158,43.63998852661584
4229.599999994571,0.9220522436327351,0.0016614463127686144,43.56375908754006
4229.999999994561,0.9226829615721358,0.0014010745257836308,43.24638102780867
4230.399999994552,0.923959013784474,0.0013207991387868148,43.07551448977714
4230.799999994542,0.9250947622445062,0.0014529995792975545,43.16517359170006
4231.199999994533,0.9265267259572094,0.0014913037470694849,43.24564357084648
4231.599999994523,0.9282322535480286,0.0017359609589602115,43.47356337950833
4231.999999994514,0.92923466311402,0.0018502374055776873,43.53389188647235
4232.3999999945045,0.9295515258398221,0.0019737186082499428,43.68902693487366
4232.799999994495,0.9287324434270064,0.0018922425671006888,43.681399783429
4233.199999994486,0.9284056249878582,0.0017089846393972357,43.47395278389583
4233.599999994476,0.9289104796577597,0.0017834476827021755,43.514262835566626
4233.999999994467,0.9309995218602368,0.002198321441596902,43.85573930719417
4234.399999994457,0.9334593336631469,0.002391755747442599,44.08587429414216
4234.799999994448,0.9350668528656398,0.0024561227944132845,44.177544322919054
4235.199999994438,0.935818367188963,0.002369492143965492,44.1104590388163
4235.599999994429,0.9378277561491841,0.002465510879936329,44.37515220495534
4235.999999994419,0.9389104310629828,0.0023417073237319693,44.285242196908726
4236.39999999441,0.9388796863962781,0.0022146771848694123,44.09428959670809
4236.7999999944,0.9380127362316215,0.00211168769739672,44.07461367560271
4237.199999994391,0.9369002360237374,0.002037743799140102,44.17979123949472
4237.5999999943815,0.9355885604661552,0.0018360236036793513,44.000837824878694
4237.999999994372,0.9349231952786219,0.0016454731628818683,43.729665081711246
4238.399999994363,0.934033122285341,0.0015758682743724332,43.45970455178538
4238.799999994353,0.9331981851668448,0.0015138828717497048,43.390113992457295
4239.199999994344,0.9332731949697497,0.0016976683428781968,43.58428202004376
4239.599999994334,0.9339291023313179,0.001984671087818441,43.82508139301537
4239.999999994325,0.9343588467875893,0.002205194654418853,43.91945499784172
4240.399999994315,0.9354026283862596,0.0020786046787590984,43.78405582300023
4240.799999994306,0.9368730763152561,0.0018397307780514214,43.49398648244489
4241.199999994296,0.9369900738708306,0.001686629830040622,43.38875713425287
4241.599999994287,0.9370554082282755,0.001718176608266993,43.45147685020334
4241.9999999942775,0.9362858626104285,0.0016762942287699286,43.40942350140206
4242.399999994268,0.9359321580273324,0.0016839989368969172,43.37756607357181
4242.7999999942585,0.937018896660139,0.002051053976515538,43.641227434611416
4243.199999994249,0.9382244796517031,0.0023381221682941124,43.971787713686474
4243.59999999424,0.9383830543936678,0.0023421504690217965,44.25495140716854
4243.99999999423,0.936833323534297,0.0022255361545166917,44.331050837544
4244.399999994221,0.936916280858941,0.0022683611869446334,44.34829158015209
4244.799999994211,0.935352750450598,0.002342288202078149,44.37772706873438
4245.199999994202,0.9342350807408781,0.0020727053600289713,44.1103819638592
4245.599999994192,0.9338989435027533,0.0017873754671507217,43.72930354789084
4245.999999994183,0.9334120985276148,0.0017742414690190853,43.66915054857009
4246.399999994173,0.9311289002799643,0.0018468290367285067,43.81503344663536
4246.799999994164,0.9288532319236554,0.0018395511888329235,43.85503545217568
4247.1999999941545,0.9272635385479127,0.0017039303628627587,43.71307828387369
4247.599999994145,0.9252717554230747,0.0015121495356842278,43.44312198955482
4247.999999994136,0.9242412774342956,0.0014192508529693735,43.19568413257809
4248.399999994126,0.9252371040599763,0.0014887231302912656,43.14315642580484
4248.799999994117,0.9268760427351337,0.0016495234655111032,43.26964191346741
4249.199999994107,0.9277742999159279,0.00194168902542358,43.73425585618831
4249.599999994098,0.9299393809275505,0.002276677407978512,44.239239337767806
4249.999999994088,0.9298802303769674,0.0024190073631818274,44.37797156196659
4250.399999994079,0.9276048354610467,0.002525786135051502,44.472178242357714
4250.799999994069,0.9248947932469433,0.0025858584225080944,44.49869655744715
4251.19999999406,0.9235530607288539,0.002565149531051986,44.47450807168548
4251.59999999405,0.9237191663088181,0.002615964814557089,44.49993794746883
4251.999999994041,0.9229241785540705,0.0027423546924865675,44.732760335940036
4252.3999999940315,0.921156415793248,0.0025725104803319514,44.72345360286951
4252.799999994022,0.9184695501167804,0.0024807121613986865,44.659888085311
4253.199999994013,0.9155973389615683,0.002579065495711482,44.665962430351776
4253.599999994003,0.9143710610669116,0.0026177881499921895,44.579436897458834
4253.999999993994,0.9149031784851095,0.0027295226191096514,44.572429345440355
4254.399999993984,0.9160990814688117,0.0023886297630566246,44.41170149914784
4254.799999993975,0.9171548337770921,0.001883877468797265,43.82505898586773
4255.199999993965,0.9171849807316608,0.0016796207361799958,43.5289981369254
4255.599999993956,0.9177859029804009,0.001630236492384853,43.47426272961626
4255.999999993946,0.9182264680299288,0.0016818367771683582,43.56146002459963
4256.399999993937,0.9186459556083542,0.001937820907719395,43.887835552136075
4256.7999999939275,0.9179782499072322,0.002191874644918446,44.12069738942339
4257.199999993918,0.9172976042283048,0.0021233838905582707,44.04180916725691
4257.599999993909,0.9158881179018339,0.00199110795726909,44.11160958917723
4257.999999993899,0.9141461068805725,0.001716473264585919,43.7189070365667
4258.39999999389,0.9138426798710738,0.0014833788734384553,43.35040830550424
4258.79999999388,0.9129003942575786,0.0015484693356771393,43.36340620436151
4259.199999993871,0.9123109113436623,0.001728943335529548,43.698117892339766
4259.599999993861,0.9120301930200779,0.0020693138658287803,44.13204919949272
4259.999999993852,0.9129827099859192,0.0026184460171429862,44.55707750423588
4260.399999993842,0.9146844621604272,0.0029057262761538285,44.504115436678966
4260.799999993833,0.915121376750265,0.0023962314952945866,44.334707395354116
4261.199999993823,0.9145910201252873,0.002226076471529707,44.364359756322074
4261.599999993814,0.9145030689093355,0.002113250299259577,44.01066331975162
4261.9999999938045,0.9154481664357104,0.002160111090041758,44.113240172944124
4262.399999993795,0.9166523992367104,0.002469550123962727,44.264915659097994
4262.799999993786,0.9138092062796972,0.002455703633017409,44.303888260032394
4263.199999993776,0.9144497334886397,0.0025016369496891865,44.47506263059363
4263.599999993767,0.9145939813210922,0.0024204582789195536,44.5936021957719
4263.999999993757,0.9130646314872819,0.002246544446484111,44.3136441741277
4264.399999993748,0.9102949248053743,0.0023019092522366304,44.204531832099136
4264.799999993738,0.912799322805159,0.002179360148233298,44.16542059516883
4265.199999993729,0.9126057295095001,0.0018023391905542866,43.94979665158932
4265.599999993719,0.9095638798378859,0.001685954288484542,43.81929609699638
4265.99999999371,0.9078733444211347,0.0015731241665505988,43.586620958425264
4266.3999999937005,0.9068507954395054,0.0015190358773024082,43.561179151596434
4266.799999993691,0.9067132669608717,0.0015826096660117414,43.6069121715935
4267.199999993682,0.9081585205617465,0.0015284780981166932,43.623522840699664
4267.599999993672,0.908981286151951,0.0015349687820939428,43.64798364172969
4267.999999993663,0.9084669018453195,0.001385348711927388,43.42501342548032
4268.399999993653,0.9091170958055305,0.001411240739621009,43.380633978464175
4268.799999993644,0.9094797946698336,0.0014364514685538913,43.39650872877108
4269.199999993634,0.9097015051369488,0.0014597907063308043,43.50610967535297
4269.599999993625,0.910981472034286,0.0015159763414754647,43.55601483409325
4269.999999993615,0.9113235183866508,0.001561170888405115,43.530888369557346
4270.399999993606,0.9109826227123768,0.0016964390674882245,43.52208346040458
4270.799999993596,0.9109292377201137,0.001984988520602838,43.74005229306098
4271.199999993587,0.9111189506228785,0.002193309558350367,43.94777627659796
4271.5999999935775,0.9128928068373808,0.0020493613411078095,43.86434175171563
4271.999999993568,0.9150016193141302,0.0019298323304994057,43.696296322813275
4272.399999993559,0.9156401673604178,0.0017887432773708298,43.54135244195319
4272.799999993549,0.9155354892428843,0.0018205757794661414,43.63593609113732
4273.19999999354,0.9155945482711827,0.001762299422312178,43.593767082563055
4273.59999999353,0.9162072474043237,0.0017467656551068097,43.66560733559267
4273.999999993521,0.9160836458806447,0.0018105392214261267,43.71400558494816
4274.399999993511,0.915747534692419,0.0018930530648188326,43.82830891226158
4274.799999993502,0.9151654035377071,0.0019096151617091462,43.91403419182517
4275.199999993492,0.9137467517587576,0.0019277220233347328,43.983142750972064
4275.599999993483,0.9143668808756729,0.0018259392852643353,43.65133830178565
4275.9999999934735,0.9146219635910985,0.0018417797637013428,43.6076022516242
4276.399999993464,0.9121247836431776,0.0017704154285611944,43.59040918092196
4276.799999993455,0.9103183034759784,0.0016965993806823795,43.65658246584307
4277.199999993445,0.9087417462993077,0.0016129275357801868,43.67916949005585
4277.599999993436,0.9076221772732893,0.0015316892979081187,43.597906424333935
4277.999999993426,0.9067847272408597,0.0015557443016347597,43.73020633454906
4278.399999993417,0.9069990136097961,0.0016369953509991985,43.8182968660857
4278.799999993407,0.9072612998702679,0.001539508819644137,43.68810665032893
4279.199999993398,0.9078233883356364,0.001403397273690323,43.49846233583938
4279.599999993388,0.9078766559806367,0.0013231689420890452,43.283865085955085
4279.999999993379,0.9079483363835285,0.0012721883445983993,43.16696584872948
4280.399999993369,0.9088623863428617,0.0013949508647306417,43.21705935232957
4280.79999999336,0.908130332722528,0.0018023487355159798,43.47907368121568
4281.1999999933505,0.908509418688363,0.0021492293654881544,43.61671756047262
4281.599999993341,0.909268835594853,0.002211141511059355,43.61420418498164
4281.999999993332,0.9109548533286986,0.0021946304124195277,43.55682696622236
4282.399999993322,0.9121906681898748,0.00213701333994829,43.556131640029825
4282.799999993313,0.9129587348937106,0.002084552523913786,43.62445873940386
4283.199999993303,0.9154678900860144,0.0021203107245671023,43.614990297883985
4283.599999993294,0.916756580175209,0.0021068808544872234,43.656057969893595
4283.999999993284,0.9170135878047442,0.002087938239089327,43.735004027697904
4284.399999993275,0.9179193214932642,0.002078707875026936,43.82748815294833
4284.799999993265,0.9181101589083247,0.002131648415104737,43.938476270644585
4285.199999993256,0.9179680966887671,0.0019766021651278286,43.828467969715156
4285.5999999932465,0.9180609997223201,0.0017640428841522362,43.58091713561563
4285.999999993237,0.9185029673814533,0.001709569621047675,43.49909866285038
4286.3999999932275,0.9187086684509275,0.0016786611078688158,43.393396131681115
4286.799999993218,0.9194782165286846,0.001737189244819426,43.3700578097812
4287.199999993209,0.919620049204342,0.0022370971194201174,43.75472487583748
4287.599999993199,0.9202681214204544,0.0025819120495862513,44.04362873142817
4287.99999999319,0.9221325446878346,0.002287309429815747,43.9087322891864
4288.39999999318,0.9219137838517399,0.0020672625227005133,43.93158897086801
4288.799999993171,0.922606227039826,0.002009967239532095,43.886639482770505
4289.199999993161,0.9218485412540505,0.0019829919023503766,43.851589248318234
4289.599999993152,0.9212941057094477,0.002192943576485139,44.055664126385714
4289.999999993142,0.9213989162059497,0.002261582990164724,44.02595539195704
4290.399999993133,0.9190959918077303,0.002184219450718252,43.9109186433485
4290.7999999931235,0.9178452929447083,0.00207055001322389,43.99488456859948
4291.199999993114,0.9165674036044161,0.001716766702862657,43.614976178221774
4291.599999993105,0.9156778441036726,0.0014914859226704388,43.235099880468134
4291.999999993095,0.9162262242214394,0.001395908541521182,43.11581956918315
4292.399999993086,0.9167826233003674,0.0012718699456030548,43.007584870544754
4292.799999993076,0.9167517614434286,0.0012354492094890914,42.98429996945384
4293.199999993067,0.9165867567357419,0.0012931086333828298,42.973046771921005
4293.599999993057,0.9179315308595313,0.0014146132956220163,42.98407144785065
4293.999999993048,0.9192353400798626,0.0015268004273485938,42.95092606661614
4294.399999993038,0.9218479003848202,0.0015808992236562708,42.83541785046231
4294.799999993029,0.9248419482326633,0.0017747388128741396,43.09033123639791
4295.199999993019,0.9272347669481885,0.0020178072961347616,43.5258121564507
4295.59999999301,0.9286432325344343,0.0020409954126317967,43.45881165940615
4295.9999999930005,0.9291664790351103,0.001951246772674915,43.4060896547817
4296.399999992991,0.9301953235697464,0.001980305621780314,43.53196124809949
4296.799999992982,0.9304367881718187,0.002049077556783339,43.87935247589377
4297.199999992972,0.928698469294856,0.0020550495186703642,43.8108398459835
4297.599999992963,0.9280863450200183,0.0019894200065339435,43.896945911809546
4297.999999992953,0.9270443777923785,0.00200421237287142,44.196301224258924
4298.399999992944,0.9267649689469611,0.0020777491034674714,44.02513630997146
4298.799999992934,0.9257164329544979,0.002126893616946483,43.975796720010536
4299.199999992925,0.9245618480329644,0.001723350498186312,43.74141779875939
4299.599999992915,0.9242578012556805,0.0015465947489997336,43.53660579003022
4299.999999992906,0.9254785575235491,0.0015629885464874857,43.45814114333668
4300.3999999928965,0.9272858178780832,0.001477401945783732,43.20313196307951
4300.799999992887,0.9287352384754433,0.001325041751918714,42.94446220636188
4301.199999992878,0.9299434170184468,0.001342485459907674,42.82799039221239
4301.599999992868,0.9313034004841947,0.0014031060301702783,42.78793499178637
4301.999999992859,0.9320579430580909,0.0014305986221799481,42.931673351372
4302.399999992849,0.932772030799746,0.001362137851850236,43.04155110834002
4302.79999999284,0.9332232780061485,0.001486663122991485,43.22605571119259
4303.19999999283,0.9335323866125015,0.001626073195679967,43.355687394628276
4303.599999992821,0.9344372748873085,0.0018174216885903911,43.48805499919233
4303.999999992811,0.9357857537451775,0.002048193062550273,43.622338143969245
4304.399999992802,0.9355143133296107,0.002052876835432715,43.75672090181959
4304.799999992792,0.9348566791268016,0.0017690613803010018,43.609529557624114
4305.199999992783,0.9350238224609494,0.001627475718387794,43.40977350655092
4305.5999999927735,0.9356592111662915,0.0016178740809082498,43.36575760267951
4305.999999992764,0.936018681921241,0.001795350938724126,43.568477995001494
4306.399999992755,0.9357828294512158,0.0019523055049284518,43.792238885600284
4306.799999992745,0.9357820539900865,0.001976426613825129,43.85285504527845
4307.199999992736,0.9363630998969024,0.0020124554815682157,43.74448737754498
4307.599999992726,0.9374263592376326,0.0019299796522105994,43.56516327863452
4307.999999992717,0.9402051337097573,0.0019120632198731515,43.5329911748935
4308.399999992707,0.9422486806127421,0.0020385698377257625,43.59334843122957
4308.799999992698,0.9428766021419265,0.0021047100868940775,43.58149263109112
4309.199999992688,0.9424552777295176,0.0021018676048831404,43.47412105353939
4309.599999992679,0.9420700406353832,0.0020909914016182226,43.45247649327338
4309.9999999926695,0.9393678808727868,0.002149832216196113,43.617323326866426
4310.39999999266,0.9376334598360931,0.002195970301982239,43.806816808041184
4310.799999992651,0.9384220090678381,0.0022414783068427945,44.05440302304398
4311.199999992641,0.9403418943031362,0.002116871976560538,43.921485050142955
4311.599999992632,0.9438721733944694,0.0019585220157342926,43.72175686604428
4311.999999992622,0.944271218719593,0.0018329834523580558,43.624143789968784
4312.399999992613,0.9464553895235713,0.0017073417695546865,43.523543405734
4312.799999992603,0.9481306292487086,0.0016696815939809984,43.390102869154674
4313.199999992594,0.9482664285289569,0.0017188037665548065,43.31331449748928
4313.599999992584,0.9484781399467525,0.0019424402206550753,43.62005373222307
4313.999999992575,0.948432745146056,0.0019675155258244057,43.725060168209794
4314.399999992565,0.9489586133547949,0.0018700345190682081,43.69774108431539
4314.799999992556,0.9480521870799204,0.001774566026074009,43.64221889301208
4315.1999999925465,0.9477017615643598,0.0017318889398708938,43.622941851730104
4315.599999992537,0.9474465645885287,0.0017028778766571945,43.59202389177031
4315.999999992528,0.94642093502168,0.0016818007108332137,43.601919578694826
4316.399999992518,0.945736057187617,0.0016852856865651822,43.63584190354567
4316.799999992509,0.9462149985684584,0.0015986932375689153,43.55584093895093
4317.199999992499,0.948007357473382,0.0016768960798716499,43.636875667848464
4317.59999999249,0.9498415384371864,0.0019420572662629154,43.96570875530314
4317.99999999248,0.9503412799784144,0.0022191198328145975,44.20212171571582
4318.399999992471,0.9469062753083065,0.002442032462777176,44.458311208162954
4318.799999992461,0.945208172254535,0.0022784970043123877,43.93096290787812
4319.199999992452,0.9443166036106728,0.0020167709364700714,43.653371176305356
4319.5999999924425,0.9436563479284639,0.001925554118362736,43.74951889036285
4319.999999992433,0.9439737803926745,0.001989081969669747,43.90405966679756
4320.399999992424,0.9430299238011264,0.0019893505891288433,43.93084886275821
4320.799999992414,0.9412161490769546,0.0019215434817366958,43.92318546941524
4321.199999992405,0.9405146339863896,0.0017817940717975297,43.885932090405625
4321.599999992395,0.9400742327875196,0.0016657210658675191,43.80472223536624
4321.999999992386,0.9393868853717384,0.0016315734964445253,43.73365080026983
4322.399999992376,0.9386822144036604,0.001550256018213868,43.61176645777955
4322.799999992367,0.9390798007777211,0.0016382678067893438,43.722885500563514
4323.199999992357,0.9391021524542469,0.0016773357102209071,43.620052525203796
4323.599999992348,0.9393220711683357,0.0017755953865235693,43.51048966208807
4323.999999992338,0.9393273142092083,0.0018121567054923786,43.38781628675114
4324.399999992329,0.9406500809990729,0.0020279215632815,43.4574073119523
4324.7999999923195,0.9409151193386569,0.0020753430972181323,43.54808070657929
4325.19999999231,0.9396690346085901,0.0019301463351964767,43.57578812986816
4325.599999992301,0.9410033750696064,0.00186767693978129,43.65921573324297
4325.999999992291,0.9423985384781718,0.0018758613708936473,43.6555232069528
4326.399999992282,0.9423696509227979,0.001996136784237963,43.76617545230843
4326.799999992272,0.9452702794777759,0.0022571755584836492,43.97257489473698
4327.199999992263,0.9470919410980461,0.002278918963964093,43.89659254858107
4327.599999992253,0.9482222276965482,0.002275587655870716,43.69661568948726
4327.999999992244,0.9498222221487188,0.002291973122972348,43.71267000853773
4328.399999992234,0.9504508812509307,0.0024416334301519942,43.86070492513302
4328.799999992225,0.9510049216678426,0.002428919584251328,43.95370294099696
4329.199999992215,0.9523888737795312,0.0022075324868696686,43.808117819993825
4329.599999992206,0.9550754464463833,0.0020557720384607307,43.706883954942604
4329.9999999921965,0.9570780229878544,0.00218484679065878,43.956800791726046
4330.399999992187,0.9578383771384246,0.002482073046593921,44.3062346466849
4330.799999992178,0.9576530500357682,0.0026905412673569186,44.57778965705653
4331.199999992168,0.9562536599132815,0.0027934252002807048,44.49130470212295
4331.599999992159,0.9551641898125117,0.0027929264208578232,44.71438979076026
4331.999999992149,0.9529151356326965,0.002843196368998081,44.99597532204506
4332.39999999214,0.9476558792053975,0.0027602626298755214,44.79782518078126
4332.79999999213,0.9466254287534852,0.00261663162508933,44.511542205345506
4333.199999992121,0.946129002990384,0.0022851793914766996,44.154010091915076
4333.599999992111,0.9449536765228604,0.0020846586635789002,43.980985811848235
4333.999999992102,0.9441652749961771,0.0018656744027609193,43.71093366658929
4334.3999999920925,0.9436230409328852,0.0016471626168740579,43.513083104814136
4334.799999992083,0.9419921441858152,0.0016826845473034984,43.5325876976473
4335.199999992074,0.9408946715425619,0.0017012869761258464,43.53200575380723
4335.599999992064,0.9398284563811009,0.0016588330423657977,43.56861569189432
4335.999999992055,0.9387421737542865,0.0015957513413569413,43.628886243755595
4336.399999992045,0.9371467588901974,0.0016653699534901769,43.64974617948794
4336.799999992036,0.9356659528212377,0.0016737998709988131,43.643489081413584
4337.199999992026,0.9346218368564588,0.0017063180088304289,43.62821818655171
4337.599999992017,0.9336582177133694,0.0020771195323714695,43.974541194633176
4337.999999992007,0.9329327131854139,0.002225248655260896,43.96342300587852
4338.399999991998,0.9326713361062549,0.0019405866153199272,43.81153717482455
4338.799999991988,0.9331297008780951,0.0020048859774681165,43.93073007320948
4339.199999991979,0.9353843232013295,0.002187786963129608,44.31063002848542
4339.5999999919695,0.9361752234806214,0.002109590922384452,44.27921480489243
4339.99999999196,0.9363654741891707,0.001916851679177319,44.05636135538761
4340.399999991951,0.9352098698918975,0.001898178671137502,44.06228536425432
4340.799999991941,0.9340761612890606,0.002032641581917538,44.21749596999139
4341.199999991932,0.9337267380871604,0.0020418672537014957,44.12608415096894
4341.599999991922,0.9333614741182591,0.001994957701376399,44.05813654707088
4341.999999991913,0.9329000861966492,0.001996223854515197,44.01589923686888
4342.399999991903,0.9314462169221648,0.0021675776255158097,43.92637667910075
4342.799999991894,0.9296955299212836,0.001834733696337208,43.62402023524143
4343.199999991884,0.9283292073106976,0.001814562880969202,43.668819431589995
4343.599999991875,0.9275887241567208,0.002033466881274808,43.87553017890358
4343.9999999918655,0.9274183423579103,0.00235189756444733,44.02244969707189
4344.399999991856,0.9255285036001539,0.0027869103266123423,44.3687896844079
4344.799999991847,0.9255100905644277,0.003161883028885883,44.77655914726075
4345.199999991837,0.9256316307545162,0.0033158866948971625,44.988291381964835
4345.599999991828,0.9251575715680597,0.002977248639721699,44.9371649560526
4345.999999991818,0.926216753442698,0.0024935758988584543,44.598075708935745
4346.399999991809,0.9287809426568563,0.002359123418651626,44.31887215294729
4346.799999991799,0.9297347868495278,0.0027927543973176473,44.538100135322544
4347.19999999179,0.9298926684644216,0.002976831678650744,44.63436440578155
4347.59999999178,0.9289000807570053,0.002975833691368571,44.669300958813174
4347.999999991771,0.9267990826140483,0.0032737847833263743,45.072083484341896
4348.399999991761,0.9271586373709819,0.0033191891432206287,45.058846659169156
4348.799999991752,0.9285008621747232,0.0032037806400013217,45.06958154104968
4349.1999999917425,0.9290856000041607,0.0026491609886152862,44.67186740982381
4349.599999991733,0.9314578753712471,0.0022237536159337786,44.346344480533695
4349.999999991724,0.9313927464891607,0.0019239226671882608,44.038520797225644
4350.399999991714,0.9308128270640326,0.0018485883383672881,43.992157432582346
4350.799999991705,0.9317611699639448,0.0017910014140449515,43.9126168113406
4351.199999991695,0.9334241453610806,0.0018093185250149615,43.88131095355282
4351.599999991686,0.9329620912115945,0.0018200789639798124,44.011780597038744
4351.999999991676,0.9315510414457239,0.001917678740407585,44.20604968143185
4352.399999991667,0.9303187267607228,0.002028998679426598,44.19134923073937
4352.799999991657,0.9295794308858228,0.002005073842092566,44.10228633443079
4353.199999991648,0.9281935541878302,0.0020188990171580547,43.96968611784222
4353.5999999916385,0.9273458342031256,0.0021896836879745597,44.15374052510493
4353.999999991629,0.9271915552627072,0.0021819798991691863,44.20672014338007
4354.39999999162,0.9266790158220303,0.0022621551093678313,44.45357778465449
4354.79999999161,0.9252935914519641,0.00238411243964953,44.48738158818764
4355.199999991601,0.925079627062578,0.002502602021681216,44.61823999391571
4355.599999991591,0.9233667531149233,0.002289832826081117,44.29983074238499
4355.999999991582,0.9213696332648382,0.0018238629432160412,43.945498228400965
4356.399999991572,0.9198981979513149,0.0017055844413213287,43.95621959599839
4356.799999991563,0.9191109300923704,0.0017247353663065348,43.97244425087669
4357.199999991553,0.9177157733123483,0.0018195418032801232,44.020284758258526
4357.599999991544,0.9165763419607266,0.0018351790140052541,44.02737241046437
4357.999999991534,0.9160946229540182,0.0018402316008547318,43.87830518214479
4358.399999991525,0.916289449473356,0.0018045155710948108,43.87037987388007
4358.7999999915155,0.9156766843167433,0.0017921692554290476,43.71504226962117
4359.199999991506,0.9144023678622312,0.0017881766473988904,43.67974416329334
4359.599999991497,0.9156279965095041,0.0018733153216362317,43.745164737123496
4359.999999991487,0.9175065233070725,0.0019424155157556824,43.774915533021826
4360.399999991478,0.9166279202171179,0.001931575589578898,43.82829631027735
4360.799999991468,0.9150605203736312,0.0021314263027822733,43.907845139225486
4361.199999991459,0.9152959900929348,0.0018623227273182855,43.81761381592069
4361.599999991449,0.9140669846664156,0.001813263788943259,43.7740887685643
4361.99999999144,0.9139351415452963,0.002037984772855399,43.95658722597591
4362.39999999143,0.9138992678472764,0.0022163224492792073,43.97841481524859
4362.799999991421,0.9139977411387598,0.002078926352806897,43.89227941978282
4363.1999999914115,0.9130342584618429,0.0020265494827157726,43.91292571857612
4363.599999991402,0.9120529449171495,0.0018080121923217099,43.7558111048775
4363.9999999913925,0.9104267795456136,0.0015923582977686711,43.53440176070028
4364.399999991383,0.9092987596714418,0.0015086943052919162,43.459289844530446
4364.799999991374,0.908975273733807,0.001342359638293235,43.23093953856204
4365.199999991364,0.9090226914006113,0.0013401748712426943,43.27305323410973
4365.599999991355,0.9096484303253735,0.0014452809758720298,43.32739501486922
4365.999999991345,0.9100509434274224,0.0016332675917932254,43.44461582921594
4366.399999991336,0.9096627276289189,0.0018769041330119962,43.85576278125685
4366.799999991326,0.9107218825752643,0.0019174601118661788,44.00841009646664
4367.199999991317,0.9104578433540972,0.0017594081768715717,43.860764176042146
4367.599999991307,0.9092752691498374,0.0015402633555945254,43.72000960986092
4367.999999991298,0.9080364522474795,0.00137796716573538,43.46343624646106
4368.3999999912885,0.9072233820195257,0.0014379358735797506,43.59526195367514
4368.799999991279,0.9059460906314004,0.0014491528492159374,43.570316286437155
4369.19999999127,0.9053529145253207,0.0014914838798362065,43.48928179655739
4369.59999999126,0.9051232408140475,0.0017378234257239926,43.58562731550343
4369.999999991251,0.9057222740607582,0.0020254720345835703,43.80042023357402
4370.399999991241,0.9061910873642878,0.0021588774180904377,43.99178470275069
4370.799999991232,0.9067123472410109,0.002010617294543675,43.9476814683143
4371.199999991222,0.9065032599959436,0.0018716625404332496,43.88685246307867
4371.599999991213,0.9059658161759667,0.0018992436964982017,43.78381095195954
4371.999999991203,0.9059273170287561,0.0018695355887427497,43.54810593018776
4372.399999991194,0.9057525580459715,0.002096416955735613,43.61335950486885
4372.799999991184,0.9042840033125552,0.0023022882576984975,43.84656998032802
4373.199999991175,0.901532846709271,0.002589612485264076,44.21768271041553
4373.5999999911655,0.9009991182514159,0.002876240634043487,44.33408032327188
4373.999999991156,0.9027405726553709,0.002391511506137652,44.048996622330115
4374.399999991147,0.9053068305494383,0.0024997611304065906,44.16509337497951
4374.799999991137,0.9071165531704446,0.002336860048406294,44.08210628611391
4375.199999991128,0.9071095692498082,0.001929635761924273,43.828339600160085
4375.599999991118,0.9075809306969638,0.0017658082431535331,43.633032865459384
4375.999999991109,0.9087373413337895,0.0017180721361734629,43.445441792312245
4376.399999991099,0.908886958072721,0.0018584871863010657,43.49254234568598
4376.79999999109,0.9089911432262228,0.0018761757224214188,43.62850150765153
4377.19999999108,0.9089291499209833,0.001831406587130954,43.642800165026195
4377.599999991071,0.90891751375241,0.0017623823305413123,43.42055979513705
4377.9999999910615,0.910110279335766,0.0017932044666247521,43.45610558368375
4378.399999991052,0.910676283399613,0.0017985039198538636,43.41070770667016
4378.799999991043,0.9092056302538486,0.0017440334167119014,43.55221251477511
4379.199999991033,0.9078102426979106,0.0017319611187746312,43.636215871635635
4379.599999991024,0.9072830738979433,0.0017355329767765298,43.84082314720581
4379.999999991014,0.9067810599445282,0.001631494648802241,43.797053908409914
4380.399999991005,0.9056635681171552,0.0015739166760332926,43.6637892474941
4380.799999990995,0.9037764108762294,0.001660406918807217,43.80027541177603
4381.199999990986,0.9027378700026761,0.0017957245506400362,43.82892336013257
4381.599999990976,0.9023364303946971,0.0019201730237693889,43.86916400356916
4381.999999990967,0.9031162491100292,0.0018880274349676322,43.927535084738174
4382.399999990957,0.9041980572886028,0.001747182451190383,43.83555210927327
4382.799999990948,0.9047324427730632,0.0017417897087644303,44.16496498377738
4383.1999999909385,0.9037041009639153,0.0016659214465223591,44.0669539586138
4383.599999990929,0.9038825038906899,0.0015886751183369495,43.77616450713913
4383.99999999092,0.903608071518606,0.0016658986340711286,43.75906149296049
4384.39999999091,0.9012803203566628,0.0016741469226978635,43.71845754492144
4384.799999990901,0.9019210575755757,0.001970682649908273,43.938764980368084
4385.199999990891,0.9021989447378278,0.0022753908601214757,44.1075146770787
4385.599999990882,0.9020893222344287,0.002465357463105583,44.35733456297558
4385.999999990872,0.9016922289077665,0.0024641258772387887,44.22353284406668
4386.399999990863,0.9017952164349813,0.002089026933367098,43.93584462923612
4386.799999990853,0.9007625880168132,0.001940611683574439,43.89306839435233
4387.199999990844,0.9001300931609584,0.0019734172164699785,43.91597744716915
4387.5999999908345,0.8998906331661761,0.002117449223209232,43.94497273857994
4387.999999990825,0.8994848335556512,0.002351878241356031,44.13495967771618
4388.399999990816,0.9000964481719731,0.0024955070414423033,44.25158625203945
4388.799999990806,0.9011199605146568,0.0021621508448282827,43.92647950063277
4389.199999990797,0.9018582987510485,0.0021662022741455777,43.98321889192001
4389.599999990787,0.9019377256924987,0.0022107905394564455,44.021711093848296
4389.999999990778,0.9023010642564088,0.002320355931637114,44.11930511155078
4390.399999990768,0.903082014519648,0.002221745295134651,43.9676256950859
4390.799999990759,0.9035822239408741,0.0018997742756865477,43.59083641329209
4391.199999990749,0.9032082776345216,0.002001714056650267,43.75911084530935
4391.59999999074,0.9032807633049895,0.001962209791562429,44.018207252096474
4391.99999999073,0.9033173347740011,0.0019889084445228427,43.98804380626035
4392.399999990721,0.9025503456191643,0.0018501513732846653,43.88112038120171
4392.7999999907115,0.9021166127613267,0.0018310886488930084,43.843078679697754
4393.199999990702,0.9014341138354307,0.002071218012613103,44.17075583850988
4393.599999990693,0.8999743743731263,0.0022400476188691038,44.41073072429649
4393.999999990683,0.8993689960610403,0.002072873853589453,44.36014117462357
4394.399999990674,0.8980334212108841,0.0018375637851032634,44.115035255759146
4394.799999990664,0.8965664204869204,0.0015581895228399378,43.816187116130095
4395.199999990655,0.8947616700558902,0.0012933736048525634,43.466656736901044
4395.599999990645,0.8934010633121707,0.001213365957146186,43.27988742864993
4395.999999990636,0.8939866627336395,0.001283515012420268,43.38434773238186
4396.399999990626,0.8953950242425747,0.0015154449602207765,43.660966600476996
4396.799999990617,0.8961270842220148,0.0018679531950215123,43.84582943763571
4397.1999999906075,0.8957982142587355,0.0018275946738771029,43.574061624526365
4397.599999990598,0.8944321273006197,0.0017161095560270748,43.4853358651774
4397.999999990589,0.8933533637291858,0.0015420733914650196,43.46870516185562
4398.399999990579,0.8926298586514259,0.0015271585891700205,43.672874766912386
4398.79999999057,0.8926741393937845,0.0016048911805239413,43.75417647393358
4399.19999999056,0.8943057023722136,0.001660903329650188,43.82876312165504
4399.599999990551,0.8951005917016699,0.0015690536218443578,43.75776361495938
4399.999999990541,0.8945793038644724,0.0014909746897069185,43.649690752075045
