129
178.1
   0.0000e+00     2.5352e-28   3.3491e-29   2.7003e-28  -5.8009e-31   0.0000e+00   1.7812e+02   -1.7146e-01  
   3.0118e-04     3.8046e-04   6.4695e-10   1.1106e-04  -1.1120e-07   5.3639e-02   1.7807e+02   -1.7021e-01  
   1.2045e-03     6.0730e-03   1.5821e-07   1.7100e-03  -7.1903e-06   2.1443e-01   1.7791e+02   -1.6700e-01  
   2.7095e-03     3.0641e-02   3.7598e-06   8.1292e-03  -8.3237e-05   4.8197e-01   1.7763e+02   -1.6259e-01  
   4.8153e-03     9.6440e-02   3.3837e-05   2.3575e-02  -4.7696e-04   8.5555e-01   1.7718e+02   -1.5782e-01  
   7.5205e-03     2.3417e-01   1.7683e-04   5.1696e-02  -1.8538e-03   1.3339e+00   1.7645e+02   -1.5321e-01  
   1.0823e-02     4.8128e-01   6.5008e-04   9.4415e-02  -5.5974e-03   1.9148e+00   1.7520e+02   -1.4859e-01  
   1.4722e-02     8.7690e-01   1.8650e-03   1.5139e-01  -1.4051e-02   2.5939e+00   1.7299e+02   -1.4332e-01  
   1.9215e-02     1.4508e+00   4.4488e-03   2.2029e-01  -3.0437e-02   3.3632e+00   1.6927e+02   -1.3678e-01  
   2.4298e-02     2.2065e+00   9.2047e-03   2.9763e-01  -5.8187e-02   4.2095e+00   1.6343e+02   -1.2933e-01  
   2.9969e-02     3.1074e+00   1.7023e-02   3.7999e-01  -9.9746e-02   5.1133e+00   1.5502e+02   -1.2255e-01  
   3.6224e-02     4.0762e+00   2.8777e-02   4.6468e-01  -1.5537e-01   6.0493e+00   1.4402e+02   -1.1817e-01  
   4.3060e-02     5.0136e+00   4.5228e-02   5.4990e-01  -2.2265e-01   6.9892e+00   1.3086e+02   -1.1677e-01  
   5.0472e-02     5.8261e+00   6.6952e-02   6.3429e-01  -2.9702e-01   7.9052e+00   1.1635e+02   -1.1746e-01  
   5.8456e-02     6.4495e+00   9.4281e-02   7.1647e-01  -3.7304e-01   8.7741e+00   1.0147e+02   -1.1864e-01  
   6.7007e-02     6.8566e+00   1.2724e-01   7.9494e-01  -4.4566e-01   9.5790e+00   8.7103e+01   -1.1894e-01  
   7.6120e-02     7.0531e+00   1.6551e-01   8.6829e-01  -5.1115e-01   1.0311e+01   7.3899e+01   -1.1768e-01  
   8.5790e-02     7.0655e+00   2.0842e-01   9.3516e-01  -5.6738e-01   1.0967e+01   6.2231e+01   -1.1479e-01  
   9.6011e-02     6.9303e+00   2.5498e-01   9.9417e-01  -6.1359e-01   1.1550e+01   5.2226e+01   -1.1061e-01  
   1.0678e-01     6.6864e+00   3.0396e-01   1.0443e+00  -6.5008e-01   1.2066e+01   4.3827e+01   -1.0552e-01  
   1.1808e-01     6.3698e+00   3.5398e-01   1.0853e+00  -6.7778e-01   1.2520e+01   3.6870e+01   -9.9796e-02  
   1.2991e-01     6.0115e+00   4.0362e-01   1.1176e+00  -6.9786e-01   1.2921e+01   3.1137e+01   -9.3697e-02  
   1.4227e-01     5.6373e+00   4.5163e-01   1.1421e+00  -7.1148e-01   1.3276e+01   2.6419e+01   -8.7356e-02  
   1.5515e-01     5.2660e+00   4.9698e-01   1.1597e+00  -7.1961e-01   1.3590e+01   2.2550e+01   -8.0926e-02  
   1.6853e-01     4.9093e+00   5.3880e-01   1.1719e+00  -7.2308e-01   1.3870e+01   1.9409e+01   -7.4586e-02  
   1.8242e-01     4.5730e+00   5.7639e-01   1.1795e+00  -7.2261e-01   1.4121e+01   1.6888e+01   -6.8550e-02  
   1.9679e-01     4.2615e+00   6.0919e-01   1.1822e+00  -7.1894e-01   1.4349e+01   1.4871e+01   -6.2873e-02  
   2.1165e-01     3.9764e+00   6.3686e-01   1.1797e+00  -7.1272e-01   1.4557e+01   1.3254e+01   -5.7571e-02  
   2.2699e-01     3.7157e+00   6.5930e-01   1.1720e+00  -7.0437e-01   1.4750e+01   1.1966e+01   -5.2796e-02  
   2.4279e-01     3.4789e+00   6.7652e-01   1.1593e+00  -6.9434e-01   1.4931e+01   1.0932e+01   -4.8437e-02  
   2.5905e-01     3.2658e+00   6.8867e-01   1.1420e+00  -6.8301e-01   1.5101e+01   1.0082e+01   -4.4450e-02  
   2.7575e-01     3.0738e+00   6.9613e-01   1.1212e+00  -6.7047e-01   1.5264e+01   9.3795e+00   -4.0905e-02  
   2.9289e-01     2.8994e+00   6.9928e-01   1.0988e+00  -6.5677e-01   1.5419e+01   8.7909e+00   -3.7691e-02  
   3.1046e-01     2.7409e+00   6.9854e-01   1.0756e+00  -6.4198e-01   1.5569e+01   8.2928e+00   -3.4778e-02  
   3.2844e-01     2.5978e+00   6.9444e-01   1.0518e+00  -6.2628e-01   1.5714e+01   7.8631e+00   -3.2081e-02  
   3.4683e-01     2.4687e+00   6.8744e-01   1.0283e+00  -6.0981e-01   1.5855e+01   7.4936e+00   -2.9542e-02  
   3.6561e-01     2.3495e+00   6.7802e-01   1.0054e+00  -5.9252e-01   1.5993e+01   7.1865e+00   -2.7294e-02  
   3.8477e-01     2.2390e+00   6.6675e-01   9.8216e-01  -5.7457e-01   1.6128e+01   6.9097e+00   -2.5252e-02  
   4.0430e-01     2.1376e+00   6.5429e-01   9.5714e-01  -5.5620e-01   1.6260e+01   6.6309e+00   -2.3332e-02  
   4.2419e-01     2.0438e+00   6.4131e-01   9.2962e-01  -5.3747e-01   1.6389e+01   6.3487e+00   -2.1599e-02  
   4.4443e-01     1.9566e+00   6.2817e-01   9.0060e-01  -5.1854e-01   1.6515e+01   6.0667e+00   -2.0041e-02  
   4.6500e-01     1.8751e+00   6.1487e-01   8.7137e-01  -4.9947e-01   1.6637e+01   5.8101e+00   -1.8677e-02  
   4.8590e-01     1.7993e+00   6.0122e-01   8.4143e-01  -4.8020e-01   1.6756e+01   5.5762e+00   -1.7405e-02  
   5.0710e-01     1.7278e+00   5.8703e-01   8.0972e-01  -4.6062e-01   1.6872e+01   5.3572e+00   -1.6216e-02  
   5.2860e-01     1.6578e+00   5.7221e-01   7.7627e-01  -4.4060e-01   1.6985e+01   5.1431e+00   -1.5138e-02  
   5.5039e-01     1.5889e+00   5.5678e-01   7.4250e-01  -4.2015e-01   1.7094e+01   4.9190e+00   -1.4113e-02  
   5.7244e-01     1.5209e+00   5.4090e-01   7.0967e-01  -3.9934e-01   1.7200e+01   4.6797e+00   -1.3110e-02  
   5.9476e-01     1.4524e+00   5.2493e-01   6.7832e-01  -3.7818e-01   1.7302e+01   4.4454e+00   -1.2177e-02  
   6.1732e-01     1.3834e+00   5.0917e-01   6.4789e-01  -3.5664e-01   1.7400e+01   4.2345e+00   -1.1345e-02  
   6.4010e-01     1.3152e+00   4.9371e-01   6.1780e-01  -3.3483e-01   1.7494e+01   4.0404e+00   -1.0592e-02  
   6.6311e-01     1.2490e+00   4.7867e-01   5.8801e-01  -3.1287e-01   1.7585e+01   3.8498e+00   -9.8859e-03  
   6.8632e-01     1.1852e+00   4.6421e-01   5.5842e-01  -2.9066e-01   1.7672e+01   3.6641e+00   -9.2333e-03  
   7.0972e-01     1.1227e+00   4.5050e-01   5.2921e-01  -2.6817e-01   1.7756e+01   3.4775e+00   -8.6466e-03  
   7.3329e-01     1.0616e+00   4.3759e-01   5.0080e-01  -2.4557e-01   1.7835e+01   3.2782e+00   -8.1196e-03  
   7.5702e-01     1.0026e+00   4.2550e-01   4.7392e-01  -2.2299e-01   1.7911e+01   3.0594e+00   -7.6357e-03  
   7.8090e-01     9.4625e-01   4.1436e-01   4.4939e-01  -2.0066e-01   1.7981e+01   2.8107e+00   -7.1816e-03  
   8.0491e-01     8.9316e-01   4.0444e-01   4.2746e-01  -1.7865e-01   1.8045e+01   2.5378e+00   -6.7748e-03  
   8.2904e-01     8.4348e-01   3.9595e-01   4.0820e-01  -1.5676e-01   1.8103e+01   2.2524e+00   -6.4267e-03  
   8.5327e-01     7.9787e-01   3.8900e-01   3.9186e-01  -1.3470e-01   1.8154e+01   1.9614e+00   -6.1337e-03  
   8.7759e-01     7.5761e-01   3.8360e-01   3.7851e-01  -1.1241e-01   1.8198e+01   1.6656e+00   -5.8798e-03  
   9.0198e-01     7.2362e-01   3.7966e-01   3.6772e-01  -8.9993e-02   1.8235e+01   1.3529e+00   -5.6616e-03  
   9.2644e-01     6.9654e-01   3.7702e-01   3.5921e-01  -6.7582e-02   1.8264e+01   1.0188e+00   -5.5016e-03  
   9.5093e-01     6.7726e-01   3.7542e-01   3.5288e-01  -4.5131e-02   1.8285e+01   6.7263e-01   -5.3930e-03  
   9.7546e-01     6.6615e-01   3.7460e-01   3.4876e-01  -2.2612e-02   1.8297e+01   3.2984e-01   -5.3255e-03  
   1.0000e+00     6.6256e-01   3.7436e-01   3.4727e-01   0.0000e+00   1.8301e+01   0.0000e+00   -5.3048e-03  
