y	y+	R_uu	R_vv	R_ww	R_uv	R_uw	R_vw	k
0.000000E+00	0.000000E+00	2.535200E-28	3.349100E-29	2.700300E-28	-5.800900E-31	-3.817200E-31	8.847700E-32	2.785205E-28
3.011800E-04	5.364800E-02	3.804600E-04	6.469500E-10	1.110600E-04	-1.112000E-07	-9.711800E-07	-3.356300E-10	2.457603E-04
1.204500E-03	2.145600E-01	6.073000E-03	1.582100E-07	1.710000E-03	-7.190300E-06	-1.533400E-05	-2.148200E-08	3.891579E-03
2.709500E-03	4.826300E-01	3.064100E-02	3.759800E-06	8.129200E-03	-8.323700E-05	-7.582900E-05	-2.461900E-07	1.938698E-02
4.815300E-03	8.577100E-01	9.644000E-02	3.383700E-05	2.357500E-02	-4.769600E-04	-2.312300E-04	-1.400400E-06	6.002442E-02
7.520500E-03	1.339600E+00	2.341700E-01	1.768300E-04	5.169600E-02	-1.853800E-03	-5.361000E-04	-5.398200E-06	1.430214E-01
1.082300E-02	1.927900E+00	4.812800E-01	6.500800E-04	9.441500E-02	-5.597400E-03	-1.034500E-03	-1.595300E-05	2.881725E-01
1.472200E-02	2.622400E+00	8.769000E-01	1.865000E-03	1.513900E-01	-1.405100E-02	-1.742500E-03	-3.793400E-05	5.150775E-01
1.921500E-02	3.422600E+00	1.450800E+00	4.448800E-03	2.202900E-01	-3.043700E-02	-2.633900E-03	-7.352000E-05	8.377694E-01
2.429800E-02	4.328000E+00	2.206500E+00	9.204700E-03	2.976300E-01	-5.818700E-02	-3.622100E-03	-1.157400E-04	1.256667E+00
2.996900E-02	5.338100E+00	3.107400E+00	1.702300E-02	3.799900E-01	-9.974600E-02	-4.531300E-03	-1.463500E-04	1.752207E+00
3.622400E-02	6.452300E+00	4.076200E+00	2.877700E-02	4.646800E-01	-1.553700E-01	-5.128600E-03	-1.441700E-04	2.284829E+00
4.306000E-02	7.670000E+00	5.013600E+00	4.522800E-02	5.499000E-01	-2.226500E-01	-5.236100E-03	-9.835300E-05	2.804364E+00
5.047200E-02	8.990200E+00	5.826100E+00	6.695200E-02	6.342900E-01	-2.970200E-01	-4.769700E-03	-1.613400E-05	3.263671E+00
5.845600E-02	1.041200E+01	6.449500E+00	9.428100E-02	7.164700E-01	-3.730400E-01	-3.666900E-03	8.220000E-05	3.630126E+00
6.700700E-02	1.193600E+01	6.856600E+00	1.272400E-01	7.949400E-01	-4.456600E-01	-1.877100E-03	1.787700E-04	3.889390E+00
7.612000E-02	1.355900E+01	7.053100E+00	1.655100E-01	8.682900E-01	-5.111500E-01	6.070400E-04	2.636300E-04	4.043450E+00
8.579000E-02	1.528100E+01	7.065500E+00	2.084200E-01	9.351600E-01	-5.673800E-01	3.701300E-03	3.356000E-04	4.104540E+00
9.601100E-02	1.710200E+01	6.930300E+00	2.549800E-01	9.941700E-01	-6.135900E-01	6.995300E-03	4.038100E-04	4.089725E+00
1.067800E-01	1.901900E+01	6.686400E+00	3.039600E-01	1.044300E+00	-6.500800E-01	9.703300E-03	4.748300E-04	4.017330E+00
1.180800E-01	2.103300E+01	6.369800E+00	3.539800E-01	1.085300E+00	-6.777800E-01	1.113600E-02	5.603400E-04	3.904540E+00
1.299100E-01	2.314100E+01	6.011500E+00	4.036200E-01	1.117600E+00	-6.978600E-01	1.110300E-02	6.914400E-04	3.766360E+00
1.422700E-01	2.534200E+01	5.637300E+00	4.516300E-01	1.142100E+00	-7.114800E-01	1.033200E-02	8.623000E-04	3.615515E+00
1.551500E-01	2.763500E+01	5.266000E+00	4.969800E-01	1.159700E+00	-7.196100E-01	1.006400E-02	1.022700E-03	3.461340E+00
1.685300E-01	3.001900E+01	4.909300E+00	5.388000E-01	1.171900E+00	-7.230800E-01	1.062500E-02	1.143100E-03	3.310000E+00
1.824200E-01	3.249200E+01	4.573000E+00	5.763900E-01	1.179500E+00	-7.226100E-01	1.101200E-02	1.234200E-03	3.164445E+00
1.967900E-01	3.505300E+01	4.261500E+00	6.091900E-01	1.182200E+00	-7.189400E-01	9.882600E-03	1.271300E-03	3.026445E+00
2.116500E-01	3.770100E+01	3.976400E+00	6.368600E-01	1.179700E+00	-7.127200E-01	6.930900E-03	1.189800E-03	2.896480E+00
2.269900E-01	4.043200E+01	3.715700E+00	6.593000E-01	1.172000E+00	-7.043700E-01	3.259500E-03	1.014000E-03	2.773500E+00
2.427900E-01	4.324700E+01	3.478900E+00	6.765200E-01	1.159300E+00	-6.943400E-01	-2.774600E-04	8.525000E-04	2.657360E+00
2.590500E-01	4.614300E+01	3.265800E+00	6.886700E-01	1.142000E+00	-6.830100E-01	-3.145500E-03	7.024300E-04	2.548235E+00
2.757500E-01	4.911800E+01	3.073800E+00	6.961300E-01	1.121200E+00	-6.704700E-01	-4.543400E-03	5.223300E-04	2.445565E+00
2.928900E-01	5.217100E+01	2.899400E+00	6.992800E-01	1.098800E+00	-6.567700E-01	-4.096800E-03	3.818100E-04	2.348740E+00
3.104600E-01	5.530000E+01	2.740900E+00	6.985400E-01	1.075600E+00	-6.419800E-01	-1.612700E-03	4.527500E-04	2.257520E+00
3.284400E-01	5.850300E+01	2.597800E+00	6.944400E-01	1.051800E+00	-6.262800E-01	2.639400E-03	7.665700E-04	2.172020E+00
3.468300E-01	6.177800E+01	2.468700E+00	6.874400E-01	1.028300E+00	-6.098100E-01	7.584700E-03	1.281700E-03	2.092220E+00
3.656100E-01	6.512300E+01	2.349500E+00	6.780200E-01	1.005400E+00	-5.925200E-01	1.163500E-02	2.032100E-03	2.016460E+00
3.847700E-01	6.853600E+01	2.239000E+00	6.667500E-01	9.821600E-01	-5.745700E-01	1.411300E-02	2.922700E-03	1.943955E+00
4.043000E-01	7.201600E+01	2.137600E+00	6.542900E-01	9.571400E-01	-5.562000E-01	1.510600E-02	3.823600E-03	1.874515E+00
4.241900E-01	7.555900E+01	2.043800E+00	6.413100E-01	9.296200E-01	-5.374700E-01	1.511800E-02	4.549200E-03	1.807365E+00
4.444300E-01	7.916400E+01	1.956600E+00	6.281700E-01	9.006000E-01	-5.185400E-01	1.544000E-02	4.970600E-03	1.742685E+00
4.650000E-01	8.282800E+01	1.875100E+00	6.148700E-01	8.713700E-01	-4.994700E-01	1.709000E-02	5.015000E-03	1.680670E+00
4.859000E-01	8.655000E+01	1.799300E+00	6.012200E-01	8.414300E-01	-4.802000E-01	2.001200E-02	4.794200E-03	1.620975E+00
5.071000E-01	9.032700E+01	1.727800E+00	5.870300E-01	8.097200E-01	-4.606200E-01	2.305600E-02	4.422100E-03	1.562275E+00
5.286000E-01	9.415700E+01	1.657800E+00	5.722100E-01	7.762700E-01	-4.406000E-01	2.495600E-02	3.891900E-03	1.503140E+00
5.503900E-01	9.803700E+01	1.588900E+00	5.567800E-01	7.425000E-01	-4.201500E-01	2.541400E-02	3.314100E-03	1.444090E+00
5.724400E-01	1.019700E+02	1.520900E+00	5.409000E-01	7.096700E-01	-3.993400E-01	2.478100E-02	2.694100E-03	1.385735E+00
5.947600E-01	1.059400E+02	1.452400E+00	5.249300E-01	6.783200E-01	-3.781800E-01	2.361600E-02	1.979800E-03	1.327825E+00
6.173200E-01	1.099600E+02	1.383400E+00	5.091700E-01	6.478900E-01	-3.566400E-01	2.251800E-02	1.206000E-03	1.270230E+00
6.401000E-01	1.140200E+02	1.315200E+00	4.937100E-01	6.178000E-01	-3.348300E-01	2.163600E-02	3.854400E-04	1.213355E+00
6.631100E-01	1.181200E+02	1.249000E+00	4.786700E-01	5.880100E-01	-3.128700E-01	2.069200E-02	-3.453300E-04	1.157840E+00
6.863200E-01	1.222500E+02	1.185200E+00	4.642100E-01	5.584200E-01	-2.906600E-01	1.989900E-02	-9.595100E-04	1.103915E+00
7.097200E-01	1.264200E+02	1.122700E+00	4.505000E-01	5.292100E-01	-2.681700E-01	1.970600E-02	-1.557900E-03	1.051205E+00
7.332900E-01	1.306200E+02	1.061600E+00	4.375900E-01	5.008000E-01	-2.455700E-01	1.988400E-02	-2.141600E-03	9.999950E-01
7.570200E-01	1.348400E+02	1.002600E+00	4.255000E-01	4.739200E-01	-2.229900E-01	2.009900E-02	-2.487100E-03	9.510100E-01
7.809000E-01	1.391000E+02	9.462500E-01	4.143600E-01	4.493900E-01	-2.006600E-01	2.031700E-02	-2.556600E-03	9.050000E-01
8.049100E-01	1.433700E+02	8.931600E-01	4.044400E-01	4.274600E-01	-1.786500E-01	2.050800E-02	-2.476400E-03	8.625300E-01
8.290400E-01	1.476700E+02	8.434800E-01	3.959500E-01	4.082000E-01	-1.567600E-01	2.054200E-02	-2.489200E-03	8.238150E-01
8.532700E-01	1.519900E+02	7.978700E-01	3.890000E-01	3.918600E-01	-1.347000E-01	2.036800E-02	-2.695300E-03	7.893650E-01
8.775900E-01	1.563200E+02	7.576100E-01	3.836000E-01	3.785100E-01	-1.124100E-01	2.028300E-02	-3.022900E-03	7.598600E-01
9.019800E-01	1.606600E+02	7.236200E-01	3.796600E-01	3.677200E-01	-8.999300E-02	2.023900E-02	-3.191600E-03	7.355000E-01
9.264400E-01	1.650200E+02	6.965400E-01	3.770200E-01	3.592100E-01	-6.758200E-02	2.025200E-02	-2.976800E-03	7.163850E-01
9.509300E-01	1.693800E+02	6.772600E-01	3.754200E-01	3.528800E-01	-4.513100E-02	2.041400E-02	-2.327100E-03	7.027800E-01
9.754600E-01	1.737500E+02	6.661500E-01	3.746000E-01	3.487600E-01	-2.261200E-02	2.065300E-02	-1.282600E-03	6.947550E-01
1.000000E+00	1.781200E+02	6.625600E-01	3.743600E-01	3.472700E-01	0.000000E+00	2.078100E-02	0.000000E+00	6.920950E-01
