y	y+	dissip	produc	p-strain	p-diff	t-diff	v-diff	bal
0.00000E+00	0.00000E+00	1.71460E-01	5.78650E-31	0.00000E+00	-9.12130E-06	-5.78650E-31	1.71460E-01	3.41060E-13
3.01180E-04	5.36480E-02	1.70210E-01	1.11170E-07	0.00000E+00	5.96040E-04	1.52900E-07	1.69610E-01	-4.65690E-07
1.20450E-03	2.14560E-01	1.67000E-01	7.18160E-06	0.00000E+00	2.21450E-03	9.77520E-06	1.64760E-01	-3.31250E-06
2.70950E-03	4.82630E-01	1.62590E-01	8.30040E-05	0.00000E+00	4.49250E-03	1.11260E-04	1.57890E-01	-1.29030E-05
4.81530E-03	8.57710E-01	1.57820E-01	4.74430E-04	0.00000E+00	6.87340E-03	6.22280E-04	1.49810E-01	-3.63460E-05
7.52050E-03	1.33960E+00	1.53210E-01	1.83640E-03	0.00000E+00	8.90990E-03	2.32190E-03	1.40060E-01	-8.18600E-05
1.08230E-02	1.92790E+00	1.48590E-01	5.50540E-03	0.00000E+00	1.02500E-02	6.50560E-03	1.26170E-01	-1.58320E-04
1.47220E-02	2.62240E+00	1.43320E-01	1.36470E-02	0.00000E+00	1.08460E-02	1.43200E-02	1.04250E-01	-2.65640E-04
1.92150E-02	3.42260E+00	1.36780E-01	2.89250E-02	0.00000E+00	1.07570E-02	2.50970E-02	7.16050E-02	-3.90300E-04
2.42980E-02	4.32800E+00	1.29330E-01	5.33860E-02	0.00000E+00	1.02020E-02	3.48860E-02	3.03670E-02	-4.98540E-04
2.99690E-02	5.33810E+00	1.22550E-01	8.68120E-02	0.00000E+00	9.28420E-03	3.75220E-02	-1.16350E-02	-5.57390E-04
3.62240E-02	6.45230E+00	1.18170E-01	1.25630E-01	0.00000E+00	8.13140E-03	2.86210E-02	-4.47470E-02	-5.36400E-04
4.30600E-02	7.67000E+00	1.16770E-01	1.63580E-01	0.00000E+00	6.72850E-03	9.09230E-03	-6.30820E-02	-4.44720E-04
5.04720E-02	8.99020E+00	1.17460E-01	1.94030E-01	0.00000E+00	5.14740E-03	-1.52940E-02	-6.67260E-02	-3.08440E-04
5.84560E-02	1.04120E+01	1.18640E-01	2.12520E-01	0.00000E+00	3.40370E-03	-3.74900E-02	-5.99590E-02	-1.57400E-04
6.70070E-02	1.19360E+01	1.18940E-01	2.17930E-01	0.00000E+00	1.71000E-03	-5.25450E-02	-4.81430E-02	3.47060E-06
7.61200E-02	1.35590E+01	1.17680E-01	2.12060E-01	0.00000E+00	1.69580E-04	-5.88920E-02	-3.55630E-02	1.10370E-04
8.57900E-02	1.52810E+01	1.14790E-01	1.98220E-01	0.00000E+00	-1.02330E-03	-5.77360E-02	-2.45470E-02	1.21210E-04
9.60110E-02	1.71020E+01	1.10610E-01	1.79890E-01	0.00000E+00	-1.91660E-03	-5.15360E-02	-1.57720E-02	6.56250E-05
1.06780E-01	1.90190E+01	1.05520E-01	1.59940E-01	0.00000E+00	-2.46960E-03	-4.26920E-02	-9.20840E-03	4.44500E-05
1.18080E-01	2.10330E+01	9.97960E-02	1.40280E-01	0.00000E+00	-2.72990E-03	-3.31200E-02	-4.53710E-03	1.06850E-04
1.29910E-01	2.31410E+01	9.36970E-02	1.21980E-01	0.00000E+00	-2.60890E-03	-2.41210E-02	-1.31830E-03	2.24600E-04
1.42270E-01	2.53420E+01	8.73560E-02	1.05520E-01	0.00000E+00	-2.21340E-03	-1.62870E-02	6.63680E-04	3.39100E-04
1.55150E-01	2.76350E+01	8.09260E-02	9.10970E-02	0.00000E+00	-1.65310E-03	-9.76300E-03	1.63810E-03	3.82100E-04
1.68530E-01	3.00190E+01	7.45860E-02	7.87850E-02	0.00000E+00	-1.13880E-03	-4.64250E-03	1.92860E-03	3.57220E-04
1.82420E-01	3.24920E+01	6.85500E-02	6.85090E-02	0.00000E+00	-6.81670E-04	-9.31690E-04	1.98560E-03	3.21410E-04
1.96790E-01	3.50530E+01	6.28730E-02	6.00210E-02	0.00000E+00	-2.26980E-04	1.49760E-03	1.86480E-03	2.92950E-04
2.11650E-01	3.77010E+01	5.75710E-02	5.30320E-02	0.00000E+00	2.06810E-04	3.13770E-03	1.49910E-03	2.96580E-04
2.26990E-01	4.04320E+01	5.27960E-02	4.73200E-02	0.00000E+00	6.65610E-04	3.63570E-03	1.34360E-03	1.73990E-04
2.42790E-01	4.32470E+01	4.84370E-02	4.26140E-02	0.00000E+00	1.02000E-03	3.49190E-03	1.27420E-03	-3.89480E-05
2.59050E-01	4.61430E+01	4.44500E-02	3.86620E-02	0.00000E+00	1.04890E-03	3.55280E-03	1.07340E-03	-1.12930E-04
2.75750E-01	4.91180E+01	4.09050E-02	3.53080E-02	0.00000E+00	9.28710E-04	3.82460E-03	9.29560E-04	8.75440E-05
2.92890E-01	5.21710E+01	3.76910E-02	3.24160E-02	0.00000E+00	9.07820E-04	3.96910E-03	8.12030E-04	4.11370E-04
3.10460E-01	5.53000E+01	3.47780E-02	2.98890E-02	0.00000E+00	6.92060E-04	4.04940E-03	7.87470E-04	6.45040E-04
3.28440E-01	5.85030E+01	3.20810E-02	2.76460E-02	0.00000E+00	3.53090E-04	3.81730E-03	7.34730E-04	4.62710E-04
3.46830E-01	6.17780E+01	2.95420E-02	2.56530E-02	0.00000E+00	1.30570E-04	3.58540E-03	5.08330E-04	3.45230E-04
3.65610E-01	6.51230E+01	2.72940E-02	2.39040E-02	0.00000E+00	7.52230E-06	3.33410E-03	4.02730E-04	3.44780E-04
3.84770E-01	6.85360E+01	2.52520E-02	2.22880E-02	0.00000E+00	-1.02440E-04	2.95140E-03	3.83460E-04	2.77740E-04
4.04300E-01	7.20160E+01	2.33320E-02	2.07050E-02	0.00000E+00	-1.11410E-04	2.70110E-03	2.79530E-04	2.32560E-04
4.24190E-01	7.55590E+01	2.15990E-02	1.91570E-02	0.00000E+00	-9.81760E-05	2.49940E-03	2.85020E-04	2.53690E-04
4.44430E-01	7.91640E+01	2.00410E-02	1.76610E-02	0.00000E+00	-1.01710E-04	2.24840E-03	2.76470E-04	3.48600E-05
4.65000E-01	8.28280E+01	1.86770E-02	1.62930E-02	0.00000E+00	-5.19850E-05	1.89570E-03	2.51990E-04	-2.79120E-04
4.85900E-01	8.65500E+01	1.74050E-02	1.50340E-02	0.00000E+00	-7.01780E-05	1.73220E-03	1.30990E-04	-5.88260E-04
5.07100E-01	9.03270E+01	1.62160E-02	1.38560E-02	0.00000E+00	-1.17530E-04	1.95260E-03	1.69210E-05	-4.96980E-04
5.28600E-01	9.41570E+01	1.51380E-02	1.27240E-02	0.00000E+00	-1.54880E-04	2.17580E-03	5.53250E-05	-3.48470E-04
5.50390E-01	9.80370E+01	1.41130E-02	1.16050E-02	0.00000E+00	-2.71920E-04	2.43130E-03	9.60350E-05	-2.42040E-04
5.72440E-01	1.01970E+02	1.31100E-02	1.04940E-02	0.00000E+00	-4.13500E-04	2.79170E-03	7.49720E-05	-1.71990E-04
5.94760E-01	1.05940E+02	1.21770E-02	9.43980E-03	0.00000E+00	-6.21950E-04	3.26130E-03	5.63960E-05	-3.26610E-05
6.17320E-01	1.09960E+02	1.13450E-02	8.47960E-03	0.00000E+00	-7.97180E-04	3.70950E-03	7.28240E-05	1.12220E-04
6.40100E-01	1.14020E+02	1.05920E-02	7.59560E-03	0.00000E+00	-1.03410E-03	4.08640E-03	1.22680E-04	1.85890E-04
6.63110E-01	1.18120E+02	9.88590E-03	6.76220E-03	0.00000E+00	-1.18820E-03	4.44500E-03	1.20440E-04	2.47210E-04
6.86320E-01	1.22250E+02	9.23330E-03	5.97840E-03	0.00000E+00	-1.25310E-03	4.76830E-03	9.39930E-05	3.60030E-04
7.09720E-01	1.26420E+02	8.64660E-03	5.23380E-03	0.00000E+00	-1.22910E-03	4.99460E-03	1.08050E-04	4.54650E-04
7.33290E-01	1.30620E+02	8.11960E-03	4.51710E-03	0.00000E+00	-1.20610E-03	5.20040E-03	1.40550E-04	5.39180E-04
7.57020E-01	1.34840E+02	7.63570E-03	3.82750E-03	0.00000E+00	-1.14810E-03	5.36260E-03	1.85170E-04	5.83770E-04
7.80900E-01	1.39100E+02	7.18160E-03	3.16460E-03	0.00000E+00	-1.08470E-03	5.44150E-03	2.09110E-04	5.56610E-04
8.04910E-01	1.43370E+02	6.77480E-03	2.54480E-03	0.00000E+00	-9.65560E-04	5.48670E-03	2.13570E-04	4.97060E-04
8.29040E-01	1.47670E+02	6.42670E-03	1.98260E-03	0.00000E+00	-8.68950E-04	5.58580E-03	2.37150E-04	5.16880E-04
8.53270E-01	1.51990E+02	6.13370E-03	1.48370E-03	0.00000E+00	-7.82560E-04	5.66220E-03	2.72890E-04	4.95550E-04
8.77590E-01	1.56320E+02	5.87980E-03	1.05140E-03	0.00000E+00	-6.98240E-04	5.65750E-03	2.78750E-04	4.16400E-04
9.01980E-01	1.60660E+02	5.66160E-03	6.84120E-04	0.00000E+00	-6.04070E-04	5.57570E-03	2.78250E-04	2.65010E-04
9.26440E-01	1.65020E+02	5.50160E-03	3.88010E-04	0.00000E+00	-5.12260E-04	5.47200E-03	2.92290E-04	1.45850E-04
9.50930E-01	1.69380E+02	5.39300E-03	1.72920E-04	0.00000E+00	-4.08420E-04	5.42130E-03	2.95680E-04	8.05220E-05
9.75460E-01	1.73750E+02	5.32550E-03	4.52010E-05	0.00000E+00	-3.61290E-04	5.44250E-03	2.78780E-04	8.75020E-05
1.00000E+00	1.78120E+02	5.30480E-03	3.66150E-06	0.00000E+00	-3.28260E-04	5.45640E-03	2.79430E-04	9.83640E-05
