# The data in this file was extracted from a direct numerical
# simulation of fully developed plane turbulent channel
# flow. Particulars are listed below. Note that some of the statistical
# quantities provided in this data set should be zero due to
# (statistical) symmetries in the flow. These quantities are reported
# here none-the-less as an indicator of the quality of the statistics.
#
# Authors: Moser, Kim & Mansour
# Reference: DNS of Turbulent Channel Flow up to Re_tau=590, 1998,
#    To appear in Physics of Fluids. For an up-to-date reference,
#    check http://www.tam.uiuc.edu/Faculty/Moser/channel
# Numerical Method: Kim, Moin & Moser, 1987, J. Fluid Mech. vol 177, 133-166 
# Re_tau = 178.12
# Normalization: U_tau, h 
# Description: Spanwise (z) Two-point cross correlations of velocity and pressure at indicated y-location 
# Filename: chan180/correlations/chan180.zccorr.98 
# Date File Created: Dec 15, 1998 
#
#---End of Header---
# 
# nz = 128,  Re = 178.12,  y = 0.55039,  y+ =  98.04
#      dz           dz+         R_uv         R_up         R_vp
#
   0.0000e+00   0.0000e+00   2.9631e+00   2.8255e-02   1.2119e-02
   3.2725e-02   5.8291e+00  -5.8072e-01  -1.3423e-01  -5.9914e-03
   6.5450e-02   1.1658e+01  -2.3332e-02  -2.2248e-04  -9.5423e-05
   9.8175e-02   1.7487e+01  -1.7770e-01  -4.4524e-02  -1.9303e-03
   1.3090e-01   2.3316e+01  -2.3332e-02  -2.2248e-04  -9.5423e-05
   1.6362e-01   2.9145e+01  -9.6896e-02  -2.6539e-02  -1.1161e-03
   1.9635e-01   3.4975e+01  -2.3332e-02  -2.2248e-04  -9.5423e-05
   2.2907e-01   4.0804e+01  -6.2128e-02  -1.8800e-02  -7.6572e-04
   2.6180e-01   4.6633e+01  -2.3332e-02  -2.2248e-04  -9.5423e-05
   2.9452e-01   5.2462e+01  -4.2703e-02  -1.4476e-02  -5.6999e-04
   3.2725e-01   5.8291e+01  -2.3332e-02  -2.2248e-04  -9.5423e-05
   3.5997e-01   6.4120e+01  -3.0252e-02  -1.1705e-02  -4.4452e-04
   3.9270e-01   6.9949e+01  -2.3332e-02  -2.2248e-04  -9.5423e-05
   4.2542e-01   7.5778e+01  -2.1555e-02  -9.7688e-03  -3.5689e-04
   4.5815e-01   8.1607e+01  -2.3332e-02  -2.2248e-04  -9.5423e-05
   4.9087e-01   8.7436e+01  -1.5110e-02  -8.3342e-03  -2.9194e-04
   5.2360e-01   9.3265e+01  -2.3332e-02  -2.2248e-04  -9.5423e-05
   5.5632e-01   9.9095e+01  -1.0121e-02  -7.2237e-03  -2.4167e-04
   5.8905e-01   1.0492e+02  -2.3332e-02  -2.2248e-04  -9.5423e-05
   6.2177e-01   1.1075e+02  -6.1279e-03  -6.3348e-03  -2.0143e-04
   6.5450e-01   1.1658e+02  -2.3332e-02  -2.2248e-04  -9.5423e-05
   6.8722e-01   1.2241e+02  -2.8447e-03  -5.6040e-03  -1.6835e-04
   7.1995e-01   1.2824e+02  -2.3332e-02  -2.2248e-04  -9.5423e-05
   7.5267e-01   1.3407e+02  -8.5448e-05  -4.9899e-03  -1.4054e-04
   7.8540e-01   1.3990e+02  -2.3332e-02  -2.2248e-04  -9.5423e-05
   8.1812e-01   1.4573e+02   2.2765e-03  -4.4641e-03  -1.1674e-04
   8.5085e-01   1.5156e+02  -2.3332e-02  -2.2248e-04  -9.5423e-05
   8.8357e-01   1.5739e+02   4.3304e-03  -4.0069e-03  -9.6045e-05
   9.1630e-01   1.6321e+02  -2.3332e-02  -2.2248e-04  -9.5423e-05
   9.4902e-01   1.6904e+02   6.1410e-03  -3.6039e-03  -7.7800e-05
   9.8175e-01   1.7487e+02  -2.3332e-02  -2.2248e-04  -9.5423e-05
   1.0145e+00   1.8070e+02   7.7565e-03  -3.2443e-03  -6.1521e-05
   1.0472e+00   1.8653e+02  -2.3332e-02  -2.2248e-04  -9.5423e-05
   1.0799e+00   1.9236e+02   9.2135e-03  -2.9200e-03  -4.6840e-05
   1.1126e+00   1.9819e+02  -2.3332e-02  -2.2248e-04  -9.5423e-05
   1.1454e+00   2.0402e+02   1.0540e-02  -2.6247e-03  -3.3470e-05
   1.1781e+00   2.0985e+02  -2.3332e-02  -2.2248e-04  -9.5423e-05
   1.2108e+00   2.1568e+02   1.1759e-02  -2.3534e-03  -2.1188e-05
   1.2435e+00   2.2151e+02  -2.3332e-02  -2.2248e-04  -9.5423e-05
   1.2763e+00   2.2733e+02   1.2888e-02  -2.1021e-03  -9.8127e-06
   1.3090e+00   2.3316e+02  -2.3332e-02  -2.2248e-04  -9.5423e-05
   1.3417e+00   2.3899e+02   1.3941e-02  -1.8676e-03   8.0176e-07
   1.3744e+00   2.4482e+02  -2.3332e-02  -2.2248e-04  -9.5423e-05
   1.4072e+00   2.5065e+02   1.4931e-02  -1.6473e-03   1.0776e-05
   1.4399e+00   2.5648e+02  -2.3332e-02  -2.2248e-04  -9.5423e-05
   1.4726e+00   2.6231e+02   1.5867e-02  -1.4389e-03   2.0210e-05
   1.5053e+00   2.6814e+02  -2.3332e-02  -2.2248e-04  -9.5423e-05
   1.5381e+00   2.7397e+02   1.6758e-02  -1.2406e-03   2.9188e-05
   1.5708e+00   2.7980e+02  -2.3332e-02  -2.2248e-04  -9.5423e-05
   1.6035e+00   2.8563e+02   1.7611e-02  -1.0507e-03   3.7784e-05
   1.6362e+00   2.9145e+02  -2.3332e-02  -2.2248e-04  -9.5423e-05
   1.6690e+00   2.9728e+02   1.8433e-02  -8.6791e-04   4.6060e-05
   1.7017e+00   3.0311e+02  -2.3332e-02  -2.2248e-04  -9.5423e-05
   1.7344e+00   3.0894e+02   1.9228e-02  -6.9094e-04   5.4072e-05
   1.7671e+00   3.1477e+02  -2.3332e-02  -2.2248e-04  -9.5423e-05
   1.7999e+00   3.2060e+02   2.0002e-02  -5.1871e-04   6.1869e-05
   1.8326e+00   3.2643e+02  -2.3332e-02  -2.2248e-04  -9.5423e-05
   1.8653e+00   3.3226e+02   2.0759e-02  -3.5024e-04   6.9495e-05
   1.8980e+00   3.3809e+02  -2.3332e-02  -2.2248e-04  -9.5423e-05
   1.9308e+00   3.4392e+02   2.1503e-02  -1.8462e-04   7.6993e-05
   1.9635e+00   3.4975e+02  -2.3332e-02  -2.2248e-04  -9.5423e-05
   1.9962e+00   3.5557e+02   2.2238e-02  -2.0988e-05   8.4401e-05
   2.0289e+00   3.6140e+02  -2.3332e-02  -2.2248e-04  -9.5423e-05
   2.0617e+00   3.6723e+02   2.2968e-02   1.4146e-04   9.1754e-05
   2.0944e+00   3.7306e+02  -2.3332e-02  -2.2248e-04  -9.5423e-05
   2.1271e+00   3.7889e+02   2.3696e-02   3.0351e-04   9.9091e-05
   2.1598e+00   3.8472e+02  -2.3332e-02  -2.2248e-04  -9.5423e-05
   2.1926e+00   3.9055e+02   2.4425e-02   4.6596e-04   1.0644e-04
   2.2253e+00   3.9638e+02  -2.3332e-02  -2.2248e-04  -9.5423e-05
   2.2580e+00   4.0221e+02   2.5160e-02   6.2958e-04   1.1385e-04
   2.2907e+00   4.0804e+02  -2.3332e-02  -2.2248e-04  -9.5423e-05
   2.3235e+00   4.1387e+02   2.5905e-02   7.9521e-04   1.2135e-04
   2.3562e+00   4.1969e+02  -2.3332e-02  -2.2248e-04  -9.5423e-05
   2.3889e+00   4.2552e+02   2.6661e-02   9.6368e-04   1.2898e-04
   2.4216e+00   4.3135e+02  -2.3332e-02  -2.2248e-04  -9.5423e-05
   2.4544e+00   4.3718e+02   2.7435e-02   1.1359e-03   1.3677e-04
   2.4871e+00   4.4301e+02  -2.3332e-02  -2.2248e-04  -9.5423e-05
   2.5198e+00   4.4884e+02   2.8230e-02   1.3129e-03   1.4479e-04
   2.5525e+00   4.5467e+02  -2.3332e-02  -2.2248e-04  -9.5423e-05
   2.5853e+00   4.6050e+02   2.9052e-02   1.4957e-03   1.5306e-04
   2.6180e+00   4.6633e+02  -2.3332e-02  -2.2248e-04  -9.5423e-05
   2.6507e+00   4.7216e+02   2.9905e-02   1.6856e-03   1.6166e-04
   2.6834e+00   4.7799e+02  -2.3332e-02  -2.2248e-04  -9.5423e-05
   2.7162e+00   4.8381e+02   3.0796e-02   1.8839e-03   1.7064e-04
   2.7489e+00   4.8964e+02  -2.3332e-02  -2.2248e-04  -9.5423e-05
   2.7816e+00   4.9547e+02   3.1732e-02   2.0923e-03   1.8007e-04
   2.8143e+00   5.0130e+02  -2.3332e-02  -2.2248e-04  -9.5423e-05
   2.8471e+00   5.0713e+02   3.2722e-02   2.3126e-03   1.9004e-04
   2.8798e+00   5.1296e+02  -2.3332e-02  -2.2248e-04  -9.5423e-05
   2.9125e+00   5.1879e+02   3.3775e-02   2.5471e-03   2.0066e-04
   2.9452e+00   5.2462e+02  -2.3332e-02  -2.2248e-04  -9.5423e-05
   2.9780e+00   5.3045e+02   3.4904e-02   2.7984e-03   2.1203e-04
   3.0107e+00   5.3628e+02  -2.3332e-02  -2.2248e-04  -9.5423e-05
   3.0434e+00   5.4211e+02   3.6123e-02   3.0697e-03   2.2432e-04
   3.0761e+00   5.4793e+02  -2.3332e-02  -2.2248e-04  -9.5423e-05
   3.1089e+00   5.5376e+02   3.7450e-02   3.3650e-03   2.3768e-04
   3.1416e+00   5.5959e+02  -2.3332e-02  -2.2248e-04  -9.5423e-05
   3.1743e+00   5.6542e+02   3.8907e-02   3.6893e-03   2.5237e-04
   3.2070e+00   5.7125e+02  -2.3332e-02  -2.2248e-04  -9.5423e-05
   3.2398e+00   5.7708e+02   4.0522e-02   4.0489e-03   2.6864e-04
   3.2725e+00   5.8291e+02  -2.3332e-02  -2.2248e-04  -9.5423e-05
   3.3052e+00   5.8874e+02   4.2333e-02   4.4519e-03   2.8689e-04
   3.3379e+00   5.9457e+02  -2.3332e-02  -2.2248e-04  -9.5423e-05
   3.3707e+00   6.0040e+02   4.4387e-02   4.9091e-03   3.0759e-04
   3.4034e+00   6.0623e+02  -2.3332e-02  -2.2248e-04  -9.5423e-05
   3.4361e+00   6.1205e+02   4.6749e-02   5.4348e-03   3.3139e-04
   3.4688e+00   6.1788e+02  -2.3332e-02  -2.2248e-04  -9.5423e-05
   3.5016e+00   6.2371e+02   4.9508e-02   6.0490e-03   3.5919e-04
   3.5343e+00   6.2954e+02  -2.3332e-02  -2.2248e-04  -9.5423e-05
   3.5670e+00   6.3537e+02   5.2791e-02   6.7798e-03   3.9227e-04
   3.5997e+00   6.4120e+02  -2.3332e-02  -2.2248e-04  -9.5423e-05
   3.6325e+00   6.4703e+02   5.6784e-02   7.6687e-03   4.3251e-04
   3.6652e+00   6.5286e+02  -2.3332e-02  -2.2248e-04  -9.5423e-05
   3.6979e+00   6.5869e+02   6.1773e-02   8.7792e-03   4.8279e-04
   3.7306e+00   6.6452e+02  -2.3332e-02  -2.2248e-04  -9.5423e-05
   3.7634e+00   6.7035e+02   6.8218e-02   1.0214e-02   5.4773e-04
   3.7961e+00   6.7617e+02  -2.3332e-02  -2.2248e-04  -9.5423e-05
   3.8288e+00   6.8200e+02   7.6915e-02   1.2150e-02   6.3537e-04
   3.8615e+00   6.8783e+02  -2.3332e-02  -2.2248e-04  -9.5423e-05
   3.8943e+00   6.9366e+02   8.9366e-02   1.4921e-02   7.6083e-04
   3.9270e+00   6.9949e+02  -2.3332e-02  -2.2248e-04  -9.5423e-05
   3.9597e+00   7.0532e+02   1.0879e-01   1.9245e-02   9.5657e-04
   3.9924e+00   7.1115e+02  -2.3332e-02  -2.2248e-04  -9.5423e-05
   4.0252e+00   7.1698e+02   1.4356e-01   2.6984e-02   1.3069e-03
   4.0579e+00   7.2281e+02  -2.3332e-02  -2.2248e-04  -9.5423e-05
   4.0906e+00   7.2864e+02   2.2436e-01   4.4969e-02   2.1211e-03
   4.1233e+00   7.3447e+02  -2.3332e-02  -2.2248e-04  -9.5423e-05
   4.1561e+00   7.4029e+02   6.2738e-01   1.3468e-01   6.1822e-03
