# The data in this file was extracted from a direct numerical
# simulation of fully developed plane turbulent channel
# flow. Particulars are listed below. Note that some of the statistical
# quantities provided in this data set should be zero due to
# (statistical) symmetries in the flow. These quantities are reported
# here none-the-less as an indicator of the quality of the statistics.
#
# Authors: Moser, Kim & Mansour
# Reference: DNS of Turbulent Channel Flow up to Re_tau=590, 1998,
#    To appear in Physics of Fluids. For an up-to-date reference,
#    check http://www.tam.uiuc.edu/Faculty/Moser/channel
# Numerical Method: Kim, Moin & Moser, 1987, J. Fluid Mech. vol 177, 133-166 
# Re_tau = 178.12
# Normalization: U_tau, h 
# Description: Spanwise (z) Two-point cross correlations of velocity and pressure at indicated y-location 
# Filename: chan180/correlations/chan180.zccorr.79 
# Date File Created: Dec 15, 1998 
#
#---End of Header---
# 
# nz = 128,  Re = 178.12,  y = 0.44443,  y+ =  79.16
#      dz           dz+         R_uv         R_up         R_vp
#
   0.0000e+00   0.0000e+00   4.3832e+00   1.9784e-01   2.0290e-01
   3.2725e-02   5.8291e+00  -6.1799e-01  -3.0413e-04  -8.3825e-02
   6.5450e-02   1.1658e+01  -3.4513e-02  -1.5578e-03  -1.5976e-03
   9.8175e-02   1.7487e+01  -1.8264e-01   9.3816e-04  -2.6831e-02
   1.3090e-01   2.3316e+01  -3.4513e-02  -1.5578e-03  -1.5976e-03
   1.6362e-01   2.9145e+01  -9.5358e-02   1.1872e-03  -1.5405e-02
   1.9635e-01   3.4975e+01  -3.4513e-02  -1.5578e-03  -1.5976e-03
   2.2907e-01   4.0804e+01  -5.7801e-02   1.2944e-03  -1.0488e-02
   2.6180e-01   4.6633e+01  -3.4513e-02  -1.5578e-03  -1.5976e-03
   2.9452e-01   5.2462e+01  -3.6818e-02   1.3543e-03  -7.7408e-03
   3.2725e-01   5.8291e+01  -3.4513e-02  -1.5578e-03  -1.5976e-03
   3.5997e-01   6.4120e+01  -2.3369e-02   1.3926e-03  -5.9800e-03
   3.9270e-01   6.9949e+01  -3.4513e-02  -1.5578e-03  -1.5976e-03
   4.2542e-01   7.5778e+01  -1.3974e-02   1.4194e-03  -4.7501e-03
   4.5815e-01   8.1607e+01  -3.4513e-02  -1.5578e-03  -1.5976e-03
   4.9087e-01   8.7436e+01  -7.0119e-03   1.4393e-03  -3.8387e-03
   5.2360e-01   9.3265e+01  -3.4513e-02  -1.5578e-03  -1.5976e-03
   5.5632e-01   9.9095e+01  -1.6228e-03   1.4547e-03  -3.1332e-03
   5.8905e-01   1.0492e+02  -3.4513e-02  -1.5578e-03  -1.5976e-03
   6.2177e-01   1.1075e+02   2.6910e-03   1.4670e-03  -2.5684e-03
   6.5450e-01   1.1658e+02  -3.4513e-02  -1.5578e-03  -1.5976e-03
   6.8722e-01   1.2241e+02   6.2376e-03   1.4771e-03  -2.1041e-03
   7.1995e-01   1.2824e+02  -3.4513e-02  -1.5578e-03  -1.5976e-03
   7.5267e-01   1.3407e+02   9.2181e-03   1.4856e-03  -1.7139e-03
   7.8540e-01   1.3990e+02  -3.4513e-02  -1.5578e-03  -1.5976e-03
   8.1812e-01   1.4573e+02   1.1770e-02   1.4929e-03  -1.3799e-03
   8.5085e-01   1.5156e+02  -3.4513e-02  -1.5578e-03  -1.5976e-03
   8.8357e-01   1.5739e+02   1.3988e-02   1.4992e-03  -1.0894e-03
   9.1630e-01   1.6321e+02  -3.4513e-02  -1.5578e-03  -1.5976e-03
   9.4902e-01   1.6904e+02   1.5944e-02   1.5048e-03  -8.3338e-04
   9.8175e-01   1.7487e+02  -3.4513e-02  -1.5578e-03  -1.5976e-03
   1.0145e+00   1.8070e+02   1.7689e-02   1.5098e-03  -6.0492e-04
   1.0472e+00   1.8653e+02  -3.4513e-02  -1.5578e-03  -1.5976e-03
   1.0799e+00   1.9236e+02   1.9263e-02   1.5143e-03  -3.9889e-04
   1.1126e+00   1.9819e+02  -3.4513e-02  -1.5578e-03  -1.5976e-03
   1.1454e+00   2.0402e+02   2.0696e-02   1.5184e-03  -2.1126e-04
   1.1781e+00   2.0985e+02  -3.4513e-02  -1.5578e-03  -1.5976e-03
   1.2108e+00   2.1568e+02   2.2013e-02   1.5221e-03  -3.8887e-05
   1.2435e+00   2.2151e+02  -3.4513e-02  -1.5578e-03  -1.5976e-03
   1.2763e+00   2.2733e+02   2.3232e-02   1.5256e-03   1.2075e-04
   1.3090e+00   2.3316e+02  -3.4513e-02  -1.5578e-03  -1.5976e-03
   1.3417e+00   2.3899e+02   2.4370e-02   1.5289e-03   2.6972e-04
   1.3744e+00   2.4482e+02  -3.4513e-02  -1.5578e-03  -1.5976e-03
   1.4072e+00   2.5065e+02   2.5439e-02   1.5319e-03   4.0970e-04
   1.4399e+00   2.5648e+02  -3.4513e-02  -1.5578e-03  -1.5976e-03
   1.4726e+00   2.6231e+02   2.6451e-02   1.5348e-03   5.4209e-04
   1.5053e+00   2.6814e+02  -3.4513e-02  -1.5578e-03  -1.5976e-03
   1.5381e+00   2.7397e+02   2.7413e-02   1.5375e-03   6.6810e-04
   1.5708e+00   2.7980e+02  -3.4513e-02  -1.5578e-03  -1.5976e-03
   1.6035e+00   2.8563e+02   2.8335e-02   1.5402e-03   7.8873e-04
   1.6362e+00   2.9145e+02  -3.4513e-02  -1.5578e-03  -1.5976e-03
   1.6690e+00   2.9728e+02   2.9222e-02   1.5427e-03   9.0488e-04
   1.7017e+00   3.0311e+02  -3.4513e-02  -1.5578e-03  -1.5976e-03
   1.7344e+00   3.0894e+02   3.0081e-02   1.5452e-03   1.0173e-03
   1.7671e+00   3.1477e+02  -3.4513e-02  -1.5578e-03  -1.5976e-03
   1.7999e+00   3.2060e+02   3.0917e-02   1.5475e-03   1.1267e-03
   1.8326e+00   3.2643e+02  -3.4513e-02  -1.5578e-03  -1.5976e-03
   1.8653e+00   3.3226e+02   3.1734e-02   1.5499e-03   1.2338e-03
   1.8980e+00   3.3809e+02  -3.4513e-02  -1.5578e-03  -1.5976e-03
   1.9308e+00   3.4392e+02   3.2538e-02   1.5522e-03   1.3390e-03
   1.9635e+00   3.4975e+02  -3.4513e-02  -1.5578e-03  -1.5976e-03
   1.9962e+00   3.5557e+02   3.3332e-02   1.5544e-03   1.4430e-03
   2.0289e+00   3.6140e+02  -3.4513e-02  -1.5578e-03  -1.5976e-03
   2.0617e+00   3.6723e+02   3.4120e-02   1.5567e-03   1.5462e-03
   2.0944e+00   3.7306e+02  -3.4513e-02  -1.5578e-03  -1.5976e-03
   2.1271e+00   3.7889e+02   3.4907e-02   1.5589e-03   1.6491e-03
   2.1598e+00   3.8472e+02  -3.4513e-02  -1.5578e-03  -1.5976e-03
   2.1926e+00   3.9055e+02   3.5695e-02   1.5612e-03   1.7523e-03
   2.2253e+00   3.9638e+02  -3.4513e-02  -1.5578e-03  -1.5976e-03
   2.2580e+00   4.0221e+02   3.6489e-02   1.5634e-03   1.8563e-03
   2.2907e+00   4.0804e+02  -3.4513e-02  -1.5578e-03  -1.5976e-03
   2.3235e+00   4.1387e+02   3.7293e-02   1.5657e-03   1.9615e-03
   2.3562e+00   4.1969e+02  -3.4513e-02  -1.5578e-03  -1.5976e-03
   2.3889e+00   4.2552e+02   3.8110e-02   1.5681e-03   2.0685e-03
   2.4216e+00   4.3135e+02  -3.4513e-02  -1.5578e-03  -1.5976e-03
   2.4544e+00   4.3718e+02   3.8946e-02   1.5705e-03   2.1780e-03
   2.4871e+00   4.4301e+02  -3.4513e-02  -1.5578e-03  -1.5976e-03
   2.5198e+00   4.4884e+02   3.9805e-02   1.5729e-03   2.2904e-03
   2.5525e+00   4.5467e+02  -3.4513e-02  -1.5578e-03  -1.5976e-03
   2.5853e+00   4.6050e+02   4.0692e-02   1.5754e-03   2.4065e-03
   2.6180e+00   4.6633e+02  -3.4513e-02  -1.5578e-03  -1.5976e-03
   2.6507e+00   4.7216e+02   4.1614e-02   1.5781e-03   2.5272e-03
   2.6834e+00   4.7799e+02  -3.4513e-02  -1.5578e-03  -1.5976e-03
   2.7162e+00   4.8381e+02   4.2576e-02   1.5808e-03   2.6532e-03
   2.7489e+00   4.8964e+02  -3.4513e-02  -1.5578e-03  -1.5976e-03
   2.7816e+00   4.9547e+02   4.3588e-02   1.5837e-03   2.7856e-03
   2.8143e+00   5.0130e+02  -3.4513e-02  -1.5578e-03  -1.5976e-03
   2.8471e+00   5.0713e+02   4.4657e-02   1.5868e-03   2.9256e-03
   2.8798e+00   5.1296e+02  -3.4513e-02  -1.5578e-03  -1.5976e-03
   2.9125e+00   5.1879e+02   4.5795e-02   1.5900e-03   3.0745e-03
   2.9452e+00   5.2462e+02  -3.4513e-02  -1.5578e-03  -1.5976e-03
   2.9780e+00   5.3045e+02   4.7014e-02   1.5935e-03   3.2342e-03
   3.0107e+00   5.3628e+02  -3.4513e-02  -1.5578e-03  -1.5976e-03
   3.0434e+00   5.4211e+02   4.8331e-02   1.5972e-03   3.4065e-03
   3.0761e+00   5.4793e+02  -3.4513e-02  -1.5578e-03  -1.5976e-03
   3.1089e+00   5.5376e+02   4.9764e-02   1.6013e-03   3.5942e-03
   3.1416e+00   5.5959e+02  -3.4513e-02  -1.5578e-03  -1.5976e-03
   3.1743e+00   5.6542e+02   5.1338e-02   1.6058e-03   3.8002e-03
   3.2070e+00   5.7125e+02  -3.4513e-02  -1.5578e-03  -1.5976e-03
   3.2398e+00   5.7708e+02   5.3083e-02   1.6108e-03   4.0287e-03
   3.2725e+00   5.8291e+02  -3.4513e-02  -1.5578e-03  -1.5976e-03
   3.3052e+00   5.8874e+02   5.5039e-02   1.6164e-03   4.2847e-03
   3.3379e+00   5.9457e+02  -3.4513e-02  -1.5578e-03  -1.5976e-03
   3.3707e+00   6.0040e+02   5.7257e-02   1.6227e-03   4.5752e-03
   3.4034e+00   6.0623e+02  -3.4513e-02  -1.5578e-03  -1.5976e-03
   3.4361e+00   6.1205e+02   5.9809e-02   1.6300e-03   4.9092e-03
   3.4688e+00   6.1788e+02  -3.4513e-02  -1.5578e-03  -1.5976e-03
   3.5016e+00   6.2371e+02   6.2789e-02   1.6385e-03   5.2994e-03
   3.5343e+00   6.2954e+02  -3.4513e-02  -1.5578e-03  -1.5976e-03
   3.5670e+00   6.3537e+02   6.6336e-02   1.6486e-03   5.7637e-03
   3.5997e+00   6.4120e+02  -3.4513e-02  -1.5578e-03  -1.5976e-03
   3.6325e+00   6.4703e+02   7.0650e-02   1.6609e-03   6.3284e-03
   3.6652e+00   6.5286e+02  -3.4513e-02  -1.5578e-03  -1.5976e-03
   3.6979e+00   6.5869e+02   7.6039e-02   1.6763e-03   7.0340e-03
   3.7306e+00   6.6452e+02  -3.4513e-02  -1.5578e-03  -1.5976e-03
   3.7634e+00   6.7035e+02   8.3001e-02   1.6962e-03   7.9454e-03
   3.7961e+00   6.7617e+02  -3.4513e-02  -1.5578e-03  -1.5976e-03
   3.8288e+00   6.8200e+02   9.2396e-02   1.7230e-03   9.1753e-03
   3.8615e+00   6.8783e+02  -3.4513e-02  -1.5578e-03  -1.5976e-03
   3.8943e+00   6.9366e+02   1.0585e-01   1.7614e-03   1.0936e-02
   3.9270e+00   6.9949e+02  -3.4513e-02  -1.5578e-03  -1.5976e-03
   3.9597e+00   7.0532e+02   1.2683e-01   1.8212e-03   1.3683e-02
   3.9924e+00   7.1115e+02  -3.4513e-02  -1.5578e-03  -1.5976e-03
   4.0252e+00   7.1698e+02   1.6438e-01   1.9284e-03   1.8600e-02
   4.0579e+00   7.2281e+02  -3.4513e-02  -1.5578e-03  -1.5976e-03
   4.0906e+00   7.2864e+02   2.5167e-01   2.1775e-03   3.0026e-02
   4.1233e+00   7.3447e+02  -3.4513e-02  -1.5578e-03  -1.5976e-03
   4.1561e+00   7.4029e+02   6.8702e-01   3.4197e-03   8.7021e-02
