# The data in this file was extracted from a direct numerical
# simulation of fully developed plane turbulent channel
# flow. Particulars are listed below. Note that some of the statistical
# quantities provided in this data set should be zero due to
# (statistical) symmetries in the flow. These quantities are reported
# here none-the-less as an indicator of the quality of the statistics.
#
# Authors: Moser, Kim & Mansour
# Reference: DNS of Turbulent Channel Flow up to Re_tau=590, 1998,
#    To appear in Physics of Fluids. For an up-to-date reference,
#    check http://www.tam.uiuc.edu/Faculty/Moser/channel
# Numerical Method: Kim, Moin & Moser, 1987, J. Fluid Mech. vol 177, 133-166 
# Re_tau = 178.12
# Normalization: U_tau, h 
# Description: Spanwise (z) Two-point cross correlations of velocity and pressure at indicated y-location 
# Filename: chan180/correlations/chan180.zccorr.59 
# Date File Created: Dec 15, 1998 
#
#---End of Header---
# 
# nz = 128,  Re = 178.12,  y = 0.32844,  y+ =  58.50
#      dz           dz+         R_uv         R_up         R_vp
#
   0.0000e+00   0.0000e+00   4.9032e+00   2.0915e-01   1.5557e-01
   3.2725e-02   5.8291e+00  -8.5533e-01   4.3964e-02  -3.1340e-02
   6.5450e-02   1.1658e+01  -3.8608e-02  -1.6468e-03  -1.2250e-03
   9.8175e-02   1.7487e+01  -2.5889e-01   1.5730e-02  -9.6126e-03
   1.3090e-01   2.3316e+01  -3.8608e-02  -1.6468e-03  -1.2250e-03
   1.6362e-01   2.9145e+01  -1.3932e-01   1.0069e-02  -5.2566e-03
   1.9635e-01   3.4975e+01  -3.8608e-02  -1.6468e-03  -1.2250e-03
   2.2907e-01   4.0804e+01  -8.7863e-02   7.6337e-03  -3.3822e-03
   2.6180e-01   4.6633e+01  -3.8608e-02  -1.6468e-03  -1.2250e-03
   2.9452e-01   5.2462e+01  -5.9117e-02   6.2729e-03  -2.3350e-03
   3.2725e-01   5.8291e+01  -3.8608e-02  -1.6468e-03  -1.2250e-03
   3.5997e-01   6.4120e+01  -4.0690e-02   5.4006e-03  -1.6638e-03
   3.9270e-01   6.9949e+01  -3.8608e-02  -1.6468e-03  -1.2250e-03
   4.2542e-01   7.5778e+01  -2.7820e-02   4.7914e-03  -1.1949e-03
   4.5815e-01   8.1607e+01  -3.8608e-02  -1.6468e-03  -1.2250e-03
   4.9087e-01   8.7436e+01  -1.8282e-02   4.3399e-03  -8.4744e-04
   5.2360e-01   9.3265e+01  -3.8608e-02  -1.6468e-03  -1.2250e-03
   5.5632e-01   9.9095e+01  -1.0899e-02   3.9904e-03  -5.7848e-04
   5.8905e-01   1.0492e+02  -3.8608e-02  -1.6468e-03  -1.2250e-03
   6.2177e-01   1.1075e+02  -4.9887e-03   3.7106e-03  -3.6320e-04
   6.5450e-01   1.1658e+02  -3.8608e-02  -1.6468e-03  -1.2250e-03
   6.8722e-01   1.2241e+02  -1.2986e-04   3.4806e-03  -1.8619e-04
   7.1995e-01   1.2824e+02  -3.8608e-02  -1.6468e-03  -1.2250e-03
   7.5267e-01   1.3407e+02   3.9535e-03   3.2873e-03  -3.7440e-05
   7.8540e-01   1.3990e+02  -3.8608e-02  -1.6468e-03  -1.2250e-03
   8.1812e-01   1.4573e+02   7.4489e-03   3.1218e-03   8.9893e-05
   8.5085e-01   1.5156e+02  -3.8608e-02  -1.6468e-03  -1.2250e-03
   8.8357e-01   1.5739e+02   1.0489e-02   2.9779e-03   2.0062e-04
   9.1630e-01   1.6321e+02  -3.8608e-02  -1.6468e-03  -1.2250e-03
   9.4902e-01   1.6904e+02   1.3168e-02   2.8511e-03   2.9823e-04
   9.8175e-01   1.7487e+02  -3.8608e-02  -1.6468e-03  -1.2250e-03
   1.0145e+00   1.8070e+02   1.5559e-02   2.7379e-03   3.8533e-04
   1.0472e+00   1.8653e+02  -3.8608e-02  -1.6468e-03  -1.2250e-03
   1.0799e+00   1.9236e+02   1.7715e-02   2.6359e-03   4.6387e-04
   1.1126e+00   1.9819e+02  -3.8608e-02  -1.6468e-03  -1.2250e-03
   1.1454e+00   2.0402e+02   1.9678e-02   2.5429e-03   5.3540e-04
   1.1781e+00   2.0985e+02  -3.8608e-02  -1.6468e-03  -1.2250e-03
   1.2108e+00   2.1568e+02   2.1482e-02   2.4575e-03   6.0111e-04
   1.2435e+00   2.2151e+02  -3.8608e-02  -1.6468e-03  -1.2250e-03
   1.2763e+00   2.2733e+02   2.3153e-02   2.3784e-03   6.6197e-04
   1.3090e+00   2.3316e+02  -3.8608e-02  -1.6468e-03  -1.2250e-03
   1.3417e+00   2.3899e+02   2.4712e-02   2.3046e-03   7.1876e-04
   1.3744e+00   2.4482e+02  -3.8608e-02  -1.6468e-03  -1.2250e-03
   1.4072e+00   2.5065e+02   2.6177e-02   2.2353e-03   7.7212e-04
   1.4399e+00   2.5648e+02  -3.8608e-02  -1.6468e-03  -1.2250e-03
   1.4726e+00   2.6231e+02   2.7562e-02   2.1697e-03   8.2259e-04
   1.5053e+00   2.6814e+02  -3.8608e-02  -1.6468e-03  -1.2250e-03
   1.5381e+00   2.7397e+02   2.8881e-02   2.1073e-03   8.7063e-04
   1.5708e+00   2.7980e+02  -3.8608e-02  -1.6468e-03  -1.2250e-03
   1.6035e+00   2.8563e+02   3.0143e-02   2.0475e-03   9.1662e-04
   1.6362e+00   2.9145e+02  -3.8608e-02  -1.6468e-03  -1.2250e-03
   1.6690e+00   2.9728e+02   3.1359e-02   1.9900e-03   9.6090e-04
   1.7017e+00   3.0311e+02  -3.8608e-02  -1.6468e-03  -1.2250e-03
   1.7344e+00   3.0894e+02   3.2535e-02   1.9343e-03   1.0038e-03
   1.7671e+00   3.1477e+02  -3.8608e-02  -1.6468e-03  -1.2250e-03
   1.7999e+00   3.2060e+02   3.3680e-02   1.8801e-03   1.0455e-03
   1.8326e+00   3.2643e+02  -3.8608e-02  -1.6468e-03  -1.2250e-03
   1.8653e+00   3.3226e+02   3.4800e-02   1.8271e-03   1.0863e-03
   1.8980e+00   3.3809e+02  -3.8608e-02  -1.6468e-03  -1.2250e-03
   1.9308e+00   3.4392e+02   3.5902e-02   1.7749e-03   1.1264e-03
   1.9635e+00   3.4975e+02  -3.8608e-02  -1.6468e-03  -1.2250e-03
   1.9962e+00   3.5557e+02   3.6990e-02   1.7235e-03   1.1660e-03
   2.0289e+00   3.6140e+02  -3.8608e-02  -1.6468e-03  -1.2250e-03
   2.0617e+00   3.6723e+02   3.8070e-02   1.6723e-03   1.2054e-03
   2.0944e+00   3.7306e+02  -3.8608e-02  -1.6468e-03  -1.2250e-03
   2.1271e+00   3.7889e+02   3.9147e-02   1.6213e-03   1.2446e-03
   2.1598e+00   3.8472e+02  -3.8608e-02  -1.6468e-03  -1.2250e-03
   2.1926e+00   3.9055e+02   4.0227e-02   1.5702e-03   1.2840e-03
   2.2253e+00   3.9638e+02  -3.8608e-02  -1.6468e-03  -1.2250e-03
   2.2580e+00   4.0221e+02   4.1315e-02   1.5187e-03   1.3236e-03
   2.2907e+00   4.0804e+02  -3.8608e-02  -1.6468e-03  -1.2250e-03
   2.3235e+00   4.1387e+02   4.2416e-02   1.4666e-03   1.3637e-03
   2.3562e+00   4.1969e+02  -3.8608e-02  -1.6468e-03  -1.2250e-03
   2.3889e+00   4.2552e+02   4.3536e-02   1.4135e-03   1.4045e-03
   2.4216e+00   4.3135e+02  -3.8608e-02  -1.6468e-03  -1.2250e-03
   2.4544e+00   4.3718e+02   4.4681e-02   1.3593e-03   1.4462e-03
   2.4871e+00   4.4301e+02  -3.8608e-02  -1.6468e-03  -1.2250e-03
   2.5198e+00   4.4884e+02   4.5858e-02   1.3036e-03   1.4891e-03
   2.5525e+00   4.5467e+02  -3.8608e-02  -1.6468e-03  -1.2250e-03
   2.5853e+00   4.6050e+02   4.7073e-02   1.2461e-03   1.5334e-03
   2.6180e+00   4.6633e+02  -3.8608e-02  -1.6468e-03  -1.2250e-03
   2.6507e+00   4.7216e+02   4.8336e-02   1.1863e-03   1.5794e-03
   2.6834e+00   4.7799e+02  -3.8608e-02  -1.6468e-03  -1.2250e-03
   2.7162e+00   4.8381e+02   4.9654e-02   1.1239e-03   1.6274e-03
   2.7489e+00   4.8964e+02  -3.8608e-02  -1.6468e-03  -1.2250e-03
   2.7816e+00   4.9547e+02   5.1040e-02   1.0583e-03   1.6779e-03
   2.8143e+00   5.0130e+02  -3.8608e-02  -1.6468e-03  -1.2250e-03
   2.8471e+00   5.0713e+02   5.2505e-02   9.8900e-04   1.7312e-03
   2.8798e+00   5.1296e+02  -3.8608e-02  -1.6468e-03  -1.2250e-03
   2.9125e+00   5.1879e+02   5.4064e-02   9.1521e-04   1.7880e-03
   2.9452e+00   5.2462e+02  -3.8608e-02  -1.6468e-03  -1.2250e-03
   2.9780e+00   5.3045e+02   5.5734e-02   8.3612e-04   1.8489e-03
   3.0107e+00   5.3628e+02  -3.8608e-02  -1.6468e-03  -1.2250e-03
   3.0434e+00   5.4211e+02   5.7538e-02   7.5073e-04   1.9146e-03
   3.0761e+00   5.4793e+02  -3.8608e-02  -1.6468e-03  -1.2250e-03
   3.1089e+00   5.5376e+02   5.9502e-02   6.5779e-04   1.9861e-03
   3.1416e+00   5.5959e+02  -3.8608e-02  -1.6468e-03  -1.2250e-03
   3.1743e+00   5.6542e+02   6.1658e-02   5.5572e-04   2.0647e-03
   3.2070e+00   5.7125e+02  -3.8608e-02  -1.6468e-03  -1.2250e-03
   3.2398e+00   5.7708e+02   6.4048e-02   4.4255e-04   2.1517e-03
   3.2725e+00   5.8291e+02  -3.8608e-02  -1.6468e-03  -1.2250e-03
   3.3052e+00   5.8874e+02   6.6728e-02   3.1570e-04   2.2494e-03
   3.3379e+00   5.9457e+02  -3.8608e-02  -1.6468e-03  -1.2250e-03
   3.3707e+00   6.0040e+02   6.9768e-02   1.7182e-04   2.3601e-03
   3.4034e+00   6.0623e+02  -3.8608e-02  -1.6468e-03  -1.2250e-03
   3.4361e+00   6.1205e+02   7.3263e-02   6.3529e-06   2.4874e-03
   3.4688e+00   6.1788e+02  -3.8608e-02  -1.6468e-03  -1.2250e-03
   3.5016e+00   6.2371e+02   7.7346e-02  -1.8694e-04   2.6362e-03
   3.5343e+00   6.2954e+02  -3.8608e-02  -1.6468e-03  -1.2250e-03
   3.5670e+00   6.3537e+02   8.2205e-02  -4.1695e-04   2.8132e-03
   3.5997e+00   6.4120e+02  -3.8608e-02  -1.6468e-03  -1.2250e-03
   3.6325e+00   6.4703e+02   8.8115e-02  -6.9671e-04   3.0285e-03
   3.6652e+00   6.5286e+02  -3.8608e-02  -1.6468e-03  -1.2250e-03
   3.6979e+00   6.5869e+02   9.5498e-02  -1.0462e-03   3.2974e-03
   3.7306e+00   6.6452e+02  -3.8608e-02  -1.6468e-03  -1.2250e-03
   3.7634e+00   6.7035e+02   1.0504e-01  -1.4977e-03   3.6449e-03
   3.7961e+00   6.7617e+02  -3.8608e-02  -1.6468e-03  -1.2250e-03
   3.8288e+00   6.8200e+02   1.1791e-01  -2.1070e-03   4.1137e-03
   3.8615e+00   6.8783e+02  -3.8608e-02  -1.6468e-03  -1.2250e-03
   3.8943e+00   6.9366e+02   1.3633e-01  -2.9792e-03   4.7850e-03
   3.9270e+00   6.9949e+02  -3.8608e-02  -1.6468e-03  -1.2250e-03
   3.9597e+00   7.0532e+02   1.6508e-01  -4.3400e-03   5.8322e-03
   3.9924e+00   7.1115e+02  -3.8608e-02  -1.6468e-03  -1.2250e-03
   4.0252e+00   7.1698e+02   2.1653e-01  -6.7757e-03   7.7066e-03
   4.0579e+00   7.2281e+02  -3.8608e-02  -1.6468e-03  -1.2250e-03
   4.0906e+00   7.2864e+02   3.3611e-01  -1.2436e-02   1.2063e-02
   4.1233e+00   7.3447e+02  -3.8608e-02  -1.6468e-03  -1.2250e-03
   4.1561e+00   7.4029e+02   9.3254e-01  -4.0670e-02   3.3790e-02
