# The data in this file was extracted from a direct numerical
# simulation of fully developed plane turbulent channel
# flow. Particulars are listed below. Note that some of the statistical
# quantities provided in this data set should be zero due to
# (statistical) symmetries in the flow. These quantities are reported
# here none-the-less as an indicator of the quality of the statistics.
#
# Authors: Moser, Kim & Mansour
# Reference: DNS of Turbulent Channel Flow up to Re_tau=590, 1998,
#    To appear in Physics of Fluids. For an up-to-date reference,
#    check http://www.tam.uiuc.edu/Faculty/Moser/channel
# Numerical Method: Kim, Moin & Moser, 1987, J. Fluid Mech. vol 177, 133-166 
# Re_tau = 178.12
# Normalization: U_tau, h 
# Description: Spanwise (z) Two-point cross correlations of velocity and pressure at indicated y-location 
# Filename: chan180/correlations/chan180.zccorr.19 
# Date File Created: Dec 15, 1998 
#
#---End of Header---
# 
# nz = 128,  Re = 178.12,  y = 0.10678,  y+ =  19.02
#      dz           dz+         R_uv         R_up         R_vp
#
   0.0000e+00   0.0000e+00   4.2859e+00   3.8429e-02   3.0304e-03
   3.2725e-02   5.8291e+00   1.7281e-01  -5.4562e-02   3.6625e-03
   6.5450e-02   1.1658e+01  -3.3747e-02  -3.0259e-04  -2.3861e-05
   9.8175e-02   1.7487e+01   8.0027e-02  -1.7956e-02   1.2348e-03
   1.3090e-01   2.3316e+01  -3.3747e-02  -3.0259e-04  -2.3861e-05
   1.6362e-01   2.9145e+01   6.1426e-02  -1.0617e-02   7.4807e-04
   1.9635e-01   3.4975e+01  -3.3747e-02  -3.0259e-04  -2.3861e-05
   2.2907e-01   4.0804e+01   5.3422e-02  -7.4595e-03   5.3864e-04
   2.6180e-01   4.6633e+01  -3.3747e-02  -3.0259e-04  -2.3861e-05
   2.9452e-01   5.2462e+01   4.8950e-02  -5.6952e-03   4.2163e-04
   3.2725e-01   5.8291e+01  -3.3747e-02  -3.0259e-04  -2.3861e-05
   3.5997e-01   6.4120e+01   4.6083e-02  -4.5643e-03   3.4663e-04
   3.9270e-01   6.9949e+01  -3.3747e-02  -3.0259e-04  -2.3861e-05
   4.2542e-01   7.5778e+01   4.4081e-02  -3.7744e-03   2.9424e-04
   4.5815e-01   8.1607e+01  -3.3747e-02  -3.0259e-04  -2.3861e-05
   4.9087e-01   8.7436e+01   4.2597e-02  -3.1890e-03   2.5542e-04
   5.2360e-01   9.3265e+01  -3.3747e-02  -3.0259e-04  -2.3861e-05
   5.5632e-01   9.9095e+01   4.1449e-02  -2.7358e-03   2.2537e-04
   5.8905e-01   1.0492e+02  -3.3747e-02  -3.0259e-04  -2.3861e-05
   6.2177e-01   1.1075e+02   4.0529e-02  -2.3731e-03   2.0131e-04
   6.5450e-01   1.1658e+02  -3.3747e-02  -3.0259e-04  -2.3861e-05
   6.8722e-01   1.2241e+02   3.9774e-02  -2.0749e-03   1.8154e-04
   7.1995e-01   1.2824e+02  -3.3747e-02  -3.0259e-04  -2.3861e-05
   7.5267e-01   1.3407e+02   3.9138e-02  -1.8243e-03   1.6492e-04
   7.8540e-01   1.3990e+02  -3.3747e-02  -3.0259e-04  -2.3861e-05
   8.1812e-01   1.4573e+02   3.8595e-02  -1.6098e-03   1.5069e-04
   8.5085e-01   1.5156e+02  -3.3747e-02  -3.0259e-04  -2.3861e-05
   8.8357e-01   1.5739e+02   3.8122e-02  -1.4232e-03   1.3832e-04
   9.1630e-01   1.6321e+02  -3.3747e-02  -3.0259e-04  -2.3861e-05
   9.4902e-01   1.6904e+02   3.7705e-02  -1.2588e-03   1.2741e-04
   9.8175e-01   1.7487e+02  -3.3747e-02  -3.0259e-04  -2.3861e-05
   1.0145e+00   1.8070e+02   3.7333e-02  -1.1120e-03   1.1768e-04
   1.0472e+00   1.8653e+02  -3.3747e-02  -3.0259e-04  -2.3861e-05
   1.0799e+00   1.9236e+02   3.6998e-02  -9.7972e-04   1.0890e-04
   1.1126e+00   1.9819e+02  -3.3747e-02  -3.0259e-04  -2.3861e-05
   1.1454e+00   2.0402e+02   3.6692e-02  -8.5921e-04   1.0091e-04
   1.1781e+00   2.0985e+02  -3.3747e-02  -3.0259e-04  -2.3861e-05
   1.2108e+00   2.1568e+02   3.6411e-02  -7.4850e-04   9.3569e-05
   1.2435e+00   2.2151e+02  -3.3747e-02  -3.0259e-04  -2.3861e-05
   1.2763e+00   2.2733e+02   3.6152e-02  -6.4597e-04   8.6769e-05
   1.3090e+00   2.3316e+02  -3.3747e-02  -3.0259e-04  -2.3861e-05
   1.3417e+00   2.3899e+02   3.5909e-02  -5.5029e-04   8.0424e-05
   1.3744e+00   2.4482e+02  -3.3747e-02  -3.0259e-04  -2.3861e-05
   1.4072e+00   2.5065e+02   3.5681e-02  -4.6039e-04   7.4462e-05
   1.4399e+00   2.5648e+02  -3.3747e-02  -3.0259e-04  -2.3861e-05
   1.4726e+00   2.6231e+02   3.5466e-02  -3.7536e-04   6.8823e-05
   1.5053e+00   2.6814e+02  -3.3747e-02  -3.0259e-04  -2.3861e-05
   1.5381e+00   2.7397e+02   3.5261e-02  -2.9443e-04   6.3455e-05
   1.5708e+00   2.7980e+02  -3.3747e-02  -3.0259e-04  -2.3861e-05
   1.6035e+00   2.8563e+02   3.5064e-02  -2.1695e-04   5.8317e-05
   1.6362e+00   2.9145e+02  -3.3747e-02  -3.0259e-04  -2.3861e-05
   1.6690e+00   2.9728e+02   3.4875e-02  -1.4235e-04   5.3369e-05
   1.7017e+00   3.0311e+02  -3.3747e-02  -3.0259e-04  -2.3861e-05
   1.7344e+00   3.0894e+02   3.4692e-02  -7.0133e-05   4.8580e-05
   1.7671e+00   3.1477e+02  -3.3747e-02  -3.0259e-04  -2.3861e-05
   1.7999e+00   3.2060e+02   3.4514e-02   1.4517e-07   4.3919e-05
   1.8326e+00   3.2643e+02  -3.3747e-02  -3.0259e-04  -2.3861e-05
   1.8653e+00   3.3226e+02   3.4340e-02   6.8890e-05   3.9360e-05
   1.8980e+00   3.3809e+02  -3.3747e-02  -3.0259e-04  -2.3861e-05
   1.9308e+00   3.4392e+02   3.4168e-02   1.3647e-04   3.4878e-05
   1.9635e+00   3.4975e+02  -3.3747e-02  -3.0259e-04  -2.3861e-05
   1.9962e+00   3.5557e+02   3.3999e-02   2.0324e-04   3.0450e-05
   2.0289e+00   3.6140e+02  -3.3747e-02  -3.0259e-04  -2.3861e-05
   2.0617e+00   3.6723e+02   3.3831e-02   2.6953e-04   2.6054e-05
   2.0944e+00   3.7306e+02  -3.3747e-02  -3.0259e-04  -2.3861e-05
   2.1271e+00   3.7889e+02   3.3664e-02   3.3565e-04   2.1668e-05
   2.1598e+00   3.8472e+02  -3.3747e-02  -3.0259e-04  -2.3861e-05
   2.1926e+00   3.9055e+02   3.3496e-02   4.0194e-04   1.7272e-05
   2.2253e+00   3.9638e+02  -3.3747e-02  -3.0259e-04  -2.3861e-05
   2.2580e+00   4.0221e+02   3.3326e-02   4.6871e-04   1.2844e-05
   2.2907e+00   4.0804e+02  -3.3747e-02  -3.0259e-04  -2.3861e-05
   2.3235e+00   4.1387e+02   3.3155e-02   5.3629e-04   8.3623e-06
   2.3562e+00   4.1969e+02  -3.3747e-02  -3.0259e-04  -2.3861e-05
   2.3889e+00   4.2552e+02   3.2981e-02   6.0503e-04   3.8032e-06
   2.4216e+00   4.3135e+02  -3.3747e-02  -3.0259e-04  -2.3861e-05
   2.4544e+00   4.3718e+02   3.2803e-02   6.7531e-04  -8.5767e-07
   2.4871e+00   4.4301e+02  -3.3747e-02  -3.0259e-04  -2.3861e-05
   2.5198e+00   4.4884e+02   3.2620e-02   7.4753e-04  -5.6470e-06
   2.5525e+00   4.5467e+02  -3.3747e-02  -3.0259e-04  -2.3861e-05
   2.5853e+00   4.6050e+02   3.2430e-02   8.2213e-04  -1.0594e-05
   2.6180e+00   4.6633e+02  -3.3747e-02  -3.0259e-04  -2.3861e-05
   2.6507e+00   4.7216e+02   3.2234e-02   8.9961e-04  -1.5733e-05
   2.6834e+00   4.7799e+02  -3.3747e-02  -3.0259e-04  -2.3861e-05
   2.7162e+00   4.8381e+02   3.2029e-02   9.8054e-04  -2.1100e-05
   2.7489e+00   4.8964e+02  -3.3747e-02  -3.0259e-04  -2.3861e-05
   2.7816e+00   4.9547e+02   3.1813e-02   1.0656e-03  -2.6739e-05
   2.8143e+00   5.0130e+02  -3.3747e-02  -3.0259e-04  -2.3861e-05
   2.8471e+00   5.0713e+02   3.1586e-02   1.1555e-03  -3.2702e-05
   2.8798e+00   5.1296e+02  -3.3747e-02  -3.0259e-04  -2.3861e-05
   2.9125e+00   5.1879e+02   3.1343e-02   1.2511e-03  -3.9047e-05
   2.9452e+00   5.2462e+02  -3.3747e-02  -3.0259e-04  -2.3861e-05
   2.9780e+00   5.3045e+02   3.1083e-02   1.3537e-03  -4.5847e-05
   3.0107e+00   5.3628e+02  -3.3747e-02  -3.0259e-04  -2.3861e-05
   3.0434e+00   5.4211e+02   3.0803e-02   1.4644e-03  -5.3189e-05
   3.0761e+00   5.4793e+02  -3.3747e-02  -3.0259e-04  -2.3861e-05
   3.1089e+00   5.5376e+02   3.0497e-02   1.5849e-03  -6.1181e-05
   3.1416e+00   5.5959e+02  -3.3747e-02  -3.0259e-04  -2.3861e-05
   3.1743e+00   5.6542e+02   3.0162e-02   1.7172e-03  -6.9957e-05
   3.2070e+00   5.7125e+02  -3.3747e-02  -3.0259e-04  -2.3861e-05
   3.2398e+00   5.7708e+02   2.9790e-02   1.8640e-03  -7.9689e-05
   3.2725e+00   5.8291e+02  -3.3747e-02  -3.0259e-04  -2.3861e-05
   3.3052e+00   5.8874e+02   2.9373e-02   2.0284e-03  -9.0595e-05
   3.3379e+00   5.9457e+02  -3.3747e-02  -3.0259e-04  -2.3861e-05
   3.3707e+00   6.0040e+02   2.8900e-02   2.2150e-03  -1.0297e-04
   3.4034e+00   6.0623e+02  -3.3747e-02  -3.0259e-04  -2.3861e-05
   3.4361e+00   6.1205e+02   2.8356e-02   2.4295e-03  -1.1719e-04
   3.4688e+00   6.1788e+02  -3.3747e-02  -3.0259e-04  -2.3861e-05
   3.5016e+00   6.2371e+02   2.7721e-02   2.6801e-03  -1.3382e-04
   3.5343e+00   6.2954e+02  -3.3747e-02  -3.0259e-04  -2.3861e-05
   3.5670e+00   6.3537e+02   2.6965e-02   2.9783e-03  -1.5359e-04
   3.5997e+00   6.4120e+02  -3.3747e-02  -3.0259e-04  -2.3861e-05
   3.6325e+00   6.4703e+02   2.6046e-02   3.3410e-03  -1.7765e-04
   3.6652e+00   6.5286e+02  -3.3747e-02  -3.0259e-04  -2.3861e-05
   3.6979e+00   6.5869e+02   2.4897e-02   3.7942e-03  -2.0770e-04
   3.7306e+00   6.6452e+02  -3.3747e-02  -3.0259e-04  -2.3861e-05
   3.7634e+00   6.7035e+02   2.3414e-02   4.3796e-03  -2.4652e-04
   3.7961e+00   6.7617e+02  -3.3747e-02  -3.0259e-04  -2.3861e-05
   3.8288e+00   6.8200e+02   2.1411e-02   5.1695e-03  -2.9891e-04
   3.8615e+00   6.8783e+02  -3.3747e-02  -3.0259e-04  -2.3861e-05
   3.8943e+00   6.9366e+02   1.8545e-02   6.3004e-03  -3.7391e-04
   3.9270e+00   6.9949e+02  -3.3747e-02  -3.0259e-04  -2.3861e-05
   3.9597e+00   7.0532e+02   1.4073e-02   8.0647e-03  -4.9092e-04
   3.9924e+00   7.1115e+02  -3.3747e-02  -3.0259e-04  -2.3861e-05
   4.0252e+00   7.1698e+02   6.0690e-03   1.1223e-02  -7.0035e-04
   4.0579e+00   7.2281e+02  -3.3747e-02  -3.0259e-04  -2.3861e-05
   4.0906e+00   7.2864e+02  -1.2532e-02   1.8561e-02  -1.1871e-03
   4.1233e+00   7.3447e+02  -3.3747e-02  -3.0259e-04  -2.3861e-05
   4.1561e+00   7.4029e+02  -1.0532e-01   5.5167e-02  -3.6147e-03
