# The data in this file was extracted from a direct numerical
# simulation of fully developed plane turbulent channel
# flow. Particulars are listed below. Note that some of the statistical
# quantities provided in this data set should be zero due to
# (statistical) symmetries in the flow. These quantities are reported
# here none-the-less as an indicator of the quality of the statistics.
#
# Authors: Moser, Kim & Mansour
# Reference: DNS of Turbulent Channel Flow up to Re_tau=590, 1998,
#    To appear in Physics of Fluids. For an up-to-date reference,
#    check http://www.tam.uiuc.edu/Faculty/Moser/channel
# Numerical Method: Kim, Moin & Moser, 1987, J. Fluid Mech. vol 177, 133-166 
# Re_tau = 178.12
# Normalization: U_tau, h 
# Description: Spanwise (z) Two-point cross correlations of velocity and pressure at indicated y-location 
# Filename: chan180/correlations/chan180.zccorr.10 
# Date File Created: Dec 15, 1998 
#
#---End of Header---
# 
# nz = 128,  Re = 178.12,  y = 0.05846,  y+ =  10.41
#      dz           dz+         R_uv         R_up         R_vp
#
   0.0000e+00   0.0000e+00   3.6291e+00  -1.1753e-02  -3.0977e-03
   3.2725e-02   5.8291e+00   3.0651e-01  -1.7932e-02   3.0568e-02
   6.5450e-02   1.1658e+01  -2.8575e-02   9.2546e-05   2.4392e-05
   9.8175e-02   1.7487e+01   1.2107e-01  -6.0294e-03   1.0157e-02
   1.3090e-01   2.3316e+01  -2.8575e-02   9.2546e-05   2.4392e-05
   1.6362e-01   2.9145e+01   8.3895e-02  -3.6432e-03   6.0645e-03
   1.9635e-01   3.4975e+01  -2.8575e-02   9.2546e-05   2.4392e-05
   2.2907e-01   4.0804e+01   6.7897e-02  -2.6164e-03   4.3037e-03
   2.6180e-01   4.6633e+01  -2.8575e-02   9.2546e-05   2.4392e-05
   2.9452e-01   5.2462e+01   5.8960e-02  -2.0427e-03   3.3199e-03
   3.2725e-01   5.8291e+01  -2.8575e-02   9.2546e-05   2.4392e-05
   3.5997e-01   6.4120e+01   5.3231e-02  -1.6750e-03   2.6894e-03
   3.9270e-01   6.9949e+01  -2.8575e-02   9.2546e-05   2.4392e-05
   4.2542e-01   7.5778e+01   4.9229e-02  -1.4182e-03   2.2489e-03
   4.5815e-01   8.1607e+01  -2.8575e-02   9.2546e-05   2.4392e-05
   4.9087e-01   8.7436e+01   4.6263e-02  -1.2278e-03   1.9225e-03
   5.2360e-01   9.3265e+01  -2.8575e-02   9.2546e-05   2.4392e-05
   5.5632e-01   9.9095e+01   4.3968e-02  -1.0805e-03   1.6698e-03
   5.8905e-01   1.0492e+02  -2.8575e-02   9.2546e-05   2.4392e-05
   6.2177e-01   1.1075e+02   4.2130e-02  -9.6256e-04   1.4676e-03
   6.5450e-01   1.1658e+02  -2.8575e-02   9.2546e-05   2.4392e-05
   6.8722e-01   1.2241e+02   4.0620e-02  -8.6560e-04   1.3013e-03
   7.1995e-01   1.2824e+02  -2.8575e-02   9.2546e-05   2.4392e-05
   7.5267e-01   1.3407e+02   3.9350e-02  -7.8411e-04   1.1616e-03
   7.8540e-01   1.3990e+02  -2.8575e-02   9.2546e-05   2.4392e-05
   8.1812e-01   1.4573e+02   3.8263e-02  -7.1436e-04   1.0419e-03
   8.5085e-01   1.5156e+02  -2.8575e-02   9.2546e-05   2.4392e-05
   8.8357e-01   1.5739e+02   3.7318e-02  -6.5370e-04   9.3792e-04
   9.1630e-01   1.6321e+02  -2.8575e-02   9.2546e-05   2.4392e-05
   9.4902e-01   1.6904e+02   3.6485e-02  -6.0023e-04   8.4622e-04
   9.8175e-01   1.7487e+02  -2.8575e-02   9.2546e-05   2.4392e-05
   1.0145e+00   1.8070e+02   3.5742e-02  -5.5252e-04   7.6440e-04
   1.0472e+00   1.8653e+02  -2.8575e-02   9.2546e-05   2.4392e-05
   1.0799e+00   1.9236e+02   3.5071e-02  -5.0949e-04   6.9062e-04
   1.1126e+00   1.9819e+02  -2.8575e-02   9.2546e-05   2.4392e-05
   1.1454e+00   2.0402e+02   3.4461e-02  -4.7031e-04   6.2342e-04
   1.1781e+00   2.0985e+02  -2.8575e-02   9.2546e-05   2.4392e-05
   1.2108e+00   2.1568e+02   3.3900e-02  -4.3431e-04   5.6169e-04
   1.2435e+00   2.2151e+02  -2.8575e-02   9.2546e-05   2.4392e-05
   1.2763e+00   2.2733e+02   3.3381e-02  -4.0097e-04   5.0452e-04
   1.3090e+00   2.3316e+02  -2.8575e-02   9.2546e-05   2.4392e-05
   1.3417e+00   2.3899e+02   3.2896e-02  -3.6986e-04   4.5117e-04
   1.3744e+00   2.4482e+02  -2.8575e-02   9.2546e-05   2.4392e-05
   1.4072e+00   2.5065e+02   3.2441e-02  -3.4063e-04   4.0104e-04
   1.4399e+00   2.5648e+02  -2.8575e-02   9.2546e-05   2.4392e-05
   1.4726e+00   2.6231e+02   3.2010e-02  -3.1298e-04   3.5363e-04
   1.5053e+00   2.6814e+02  -2.8575e-02   9.2546e-05   2.4392e-05
   1.5381e+00   2.7397e+02   3.1600e-02  -2.8667e-04   3.0850e-04
   1.5708e+00   2.7980e+02  -2.8575e-02   9.2546e-05   2.4392e-05
   1.6035e+00   2.8563e+02   3.1207e-02  -2.6147e-04   2.6530e-04
   1.6362e+00   2.9145e+02  -2.8575e-02   9.2546e-05   2.4392e-05
   1.6690e+00   2.9728e+02   3.0829e-02  -2.3722e-04   2.2370e-04
   1.7017e+00   3.0311e+02  -2.8575e-02   9.2546e-05   2.4392e-05
   1.7344e+00   3.0894e+02   3.0464e-02  -2.1374e-04   1.8344e-04
   1.7671e+00   3.1477e+02  -2.8575e-02   9.2546e-05   2.4392e-05
   1.7999e+00   3.2060e+02   3.0108e-02  -1.9089e-04   1.4425e-04
   1.8326e+00   3.2643e+02  -2.8575e-02   9.2546e-05   2.4392e-05
   1.8653e+00   3.3226e+02   2.9759e-02  -1.6853e-04   1.0592e-04
   1.8980e+00   3.3809e+02  -2.8575e-02   9.2546e-05   2.4392e-05
   1.9308e+00   3.4392e+02   2.9417e-02  -1.4656e-04   6.8235e-05
   1.9635e+00   3.4975e+02  -2.8575e-02   9.2546e-05   2.4392e-05
   1.9962e+00   3.5557e+02   2.9079e-02  -1.2485e-04   3.1005e-05
   2.0289e+00   3.6140e+02  -2.8575e-02   9.2546e-05   2.4392e-05
   2.0617e+00   3.6723e+02   2.8743e-02  -1.0330e-04  -5.9556e-06
   2.0944e+00   3.7306e+02  -2.8575e-02   9.2546e-05   2.4392e-05
   2.1271e+00   3.7889e+02   2.8408e-02  -8.1796e-05  -4.2827e-05
   2.1598e+00   3.8472e+02  -2.8575e-02   9.2546e-05   2.4392e-05
   2.1926e+00   3.9055e+02   2.8072e-02  -6.0243e-05  -7.9788e-05
   2.2253e+00   3.9638e+02  -2.8575e-02   9.2546e-05   2.4392e-05
   2.2580e+00   4.0221e+02   2.7734e-02  -3.8533e-05  -1.1702e-04
   2.2907e+00   4.0804e+02  -2.8575e-02   9.2546e-05   2.4392e-05
   2.3235e+00   4.1387e+02   2.7392e-02  -1.6559e-05  -1.5470e-04
   2.3562e+00   4.1969e+02  -2.8575e-02   9.2546e-05   2.4392e-05
   2.3889e+00   4.2552e+02   2.7043e-02   5.7935e-06  -1.9303e-04
   2.4216e+00   4.3135e+02  -2.8575e-02   9.2546e-05   2.4392e-05
   2.4544e+00   4.3718e+02   2.6687e-02   2.8644e-05  -2.3222e-04
   2.4871e+00   4.4301e+02  -2.8575e-02   9.2546e-05   2.4392e-05
   2.5198e+00   4.4884e+02   2.6321e-02   5.2125e-05  -2.7249e-04
   2.5525e+00   4.5467e+02  -2.8575e-02   9.2546e-05   2.4392e-05
   2.5853e+00   4.6050e+02   2.5944e-02   7.6381e-05  -3.1408e-04
   2.6180e+00   4.6633e+02  -2.8575e-02   9.2546e-05   2.4392e-05
   2.6507e+00   4.7216e+02   2.5551e-02   1.0157e-04  -3.5729e-04
   2.6834e+00   4.7799e+02  -2.8575e-02   9.2546e-05   2.4392e-05
   2.7162e+00   4.8381e+02   2.5141e-02   1.2789e-04  -4.0241e-04
   2.7489e+00   4.8964e+02  -2.8575e-02   9.2546e-05   2.4392e-05
   2.7816e+00   4.9547e+02   2.4710e-02   1.5554e-04  -4.4983e-04
   2.8143e+00   5.0130e+02  -2.8575e-02   9.2546e-05   2.4392e-05
   2.8471e+00   5.0713e+02   2.4255e-02   1.8477e-04  -4.9995e-04
   2.8798e+00   5.1296e+02  -2.8575e-02   9.2546e-05   2.4392e-05
   2.9125e+00   5.1879e+02   2.3770e-02   2.1588e-04  -5.5330e-04
   2.9452e+00   5.2462e+02  -2.8575e-02   9.2546e-05   2.4392e-05
   2.9780e+00   5.3045e+02   2.3251e-02   2.4922e-04  -6.1048e-04
   3.0107e+00   5.3628e+02  -2.8575e-02   9.2546e-05   2.4392e-05
   3.0434e+00   5.4211e+02   2.2690e-02   2.8521e-04  -6.7221e-04
   3.0761e+00   5.4793e+02  -2.8575e-02   9.2546e-05   2.4392e-05
   3.1089e+00   5.5376e+02   2.2079e-02   3.2440e-04  -7.3940e-04
   3.1416e+00   5.5959e+02  -2.8575e-02   9.2546e-05   2.4392e-05
   3.1743e+00   5.6542e+02   2.1409e-02   3.6742e-04  -8.1319e-04
   3.2070e+00   5.7125e+02  -2.8575e-02   9.2546e-05   2.4392e-05
   3.2398e+00   5.7708e+02   2.0666e-02   4.1513e-04  -8.9501e-04
   3.2725e+00   5.8291e+02  -2.8575e-02   9.2546e-05   2.4392e-05
   3.3052e+00   5.8874e+02   1.9833e-02   4.6861e-04  -9.8670e-04
   3.3379e+00   5.9457e+02  -2.8575e-02   9.2546e-05   2.4392e-05
   3.3707e+00   6.0040e+02   1.8888e-02   5.2926e-04  -1.0907e-03
   3.4034e+00   6.0623e+02  -2.8575e-02   9.2546e-05   2.4392e-05
   3.4361e+00   6.1205e+02   1.7801e-02   5.9902e-04  -1.2103e-03
   3.4688e+00   6.1788e+02  -2.8575e-02   9.2546e-05   2.4392e-05
   3.5016e+00   6.2371e+02   1.6531e-02   6.8050e-04  -1.3501e-03
   3.5343e+00   6.2954e+02  -2.8575e-02   9.2546e-05   2.4392e-05
   3.5670e+00   6.3537e+02   1.5021e-02   7.7747e-04  -1.5164e-03
   3.5997e+00   6.4120e+02  -2.8575e-02   9.2546e-05   2.4392e-05
   3.6325e+00   6.4703e+02   1.3183e-02   8.9540e-04  -1.7186e-03
   3.6652e+00   6.5286e+02  -2.8575e-02   9.2546e-05   2.4392e-05
   3.6979e+00   6.5869e+02   1.0888e-02   1.0427e-03  -1.9713e-03
   3.7306e+00   6.6452e+02  -2.8575e-02   9.2546e-05   2.4392e-05
   3.7634e+00   6.7035e+02   7.9221e-03   1.2331e-03  -2.2977e-03
   3.7961e+00   6.7617e+02  -2.8575e-02   9.2546e-05   2.4392e-05
   3.8288e+00   6.8200e+02   3.9205e-03   1.4899e-03  -2.7381e-03
   3.8615e+00   6.8783e+02  -2.8575e-02   9.2546e-05   2.4392e-05
   3.8943e+00   6.9366e+02  -1.8086e-03   1.8576e-03  -3.3687e-03
   3.9270e+00   6.9949e+02  -2.8575e-02   9.2546e-05   2.4392e-05
   3.9597e+00   7.0532e+02  -1.0746e-02   2.4313e-03  -4.3525e-03
   3.9924e+00   7.1115e+02  -2.8575e-02   9.2546e-05   2.4392e-05
   4.0252e+00   7.1698e+02  -2.6744e-02   3.4581e-03  -6.1133e-03
   4.0579e+00   7.2281e+02  -2.8575e-02   9.2546e-05   2.4392e-05
   4.0906e+00   7.2864e+02  -6.3921e-02   5.8443e-03  -1.0205e-02
   4.1233e+00   7.3447e+02  -2.8575e-02   9.2546e-05   2.4392e-05
   4.1561e+00   7.4029e+02  -2.4936e-01   1.7747e-02  -3.0617e-02
