# The data in this file was extracted from a direct numerical
# simulation of fully developed plane turbulent channel
# flow. Particulars are listed below. Note that some of the statistical
# quantities provided in this data set should be zero due to
# (statistical) symmetries in the flow. These quantities are reported
# here none-the-less as an indicator of the quality of the statistics.
#
# Authors: Moser, Kim & Mansour
# Reference: DNS of Turbulent Channel Flow up to Re_tau=590, 1998,
#    To appear in Physics of Fluids. For an up-to-date reference,
#    check http://www.tam.uiuc.edu/Faculty/Moser/channel
# Numerical Method: Kim, Moin & Moser, 1987, J. Fluid Mech. vol 177, 133-166 
# Re_tau = 178.12
# Normalization: U_tau, h 
# Description: Spanwise (z) Two-point cross correlations of velocity and pressure at indicated y-location 
# Filename: chan180/correlations/chan180.zccorr.30 
# Date File Created: Dec 15, 1998 
#
#---End of Header---
# 
# nz = 128,  Re = 178.12,  y = 0.16853,  y+ =  30.02
#      dz           dz+         R_uv         R_up         R_vp
#
   0.0000e+00   0.0000e+00   4.4064e+00   1.1122e-01   7.5878e-03
   3.2725e-02   5.8291e+00  -4.9199e-01  -6.8094e-02  -1.2582e-02
   6.5450e-02   1.1658e+01  -3.4696e-02  -8.7572e-04  -5.9747e-05
   9.8175e-02   1.7487e+01  -1.4058e-01  -2.2077e-02  -4.1473e-03
   1.3090e-01   2.3316e+01  -3.4696e-02  -8.7572e-04  -5.9747e-05
   1.6362e-01   2.9145e+01  -7.0133e-02  -1.2852e-02  -2.4563e-03
   1.9635e-01   3.4975e+01  -3.4696e-02  -8.7572e-04  -5.9747e-05
   2.2907e-01   4.0804e+01  -3.9818e-02  -8.8819e-03  -1.7287e-03
   2.6180e-01   4.6633e+01  -3.4696e-02  -8.7572e-04  -5.9747e-05
   2.9452e-01   5.2462e+01  -2.2881e-02  -6.6640e-03  -1.3222e-03
   3.2725e-01   5.8291e+01  -3.4696e-02  -8.7572e-04  -5.9747e-05
   3.5997e-01   6.4120e+01  -1.2025e-02  -5.2424e-03  -1.0616e-03
   3.9270e-01   6.9949e+01  -3.4696e-02  -8.7572e-04  -5.9747e-05
   4.2542e-01   7.5778e+01  -4.4417e-03  -4.2494e-03  -8.7963e-04
   4.5815e-01   8.1607e+01  -3.4696e-02  -8.7572e-04  -5.9747e-05
   4.9087e-01   8.7436e+01   1.1780e-03  -3.5135e-03  -7.4475e-04
   5.2360e-01   9.3265e+01  -3.4696e-02  -8.7572e-04  -5.9747e-05
   5.5632e-01   9.9095e+01   5.5280e-03  -2.9439e-03  -6.4034e-04
   5.8905e-01   1.0492e+02  -3.4696e-02  -8.7572e-04  -5.9747e-05
   6.2177e-01   1.1075e+02   9.0099e-03  -2.4879e-03  -5.5677e-04
   6.5450e-01   1.1658e+02  -3.4696e-02  -8.7572e-04  -5.9747e-05
   6.8722e-01   1.2241e+02   1.1873e-02  -2.1130e-03  -4.8806e-04
   7.1995e-01   1.2824e+02  -3.4696e-02  -8.7572e-04  -5.9747e-05
   7.5267e-01   1.3407e+02   1.4278e-02  -1.7980e-03  -4.3031e-04
   7.8540e-01   1.3990e+02  -3.4696e-02  -8.7572e-04  -5.9747e-05
   8.1812e-01   1.4573e+02   1.6338e-02  -1.5283e-03  -3.8088e-04
   8.5085e-01   1.5156e+02  -3.4696e-02  -8.7572e-04  -5.9747e-05
   8.8357e-01   1.5739e+02   1.8129e-02  -1.2938e-03  -3.3790e-04
   9.1630e-01   1.6321e+02  -3.4696e-02  -8.7572e-04  -5.9747e-05
   9.4902e-01   1.6904e+02   1.9707e-02  -1.0871e-03  -3.0001e-04
   9.8175e-01   1.7487e+02  -3.4696e-02  -8.7572e-04  -5.9747e-05
   1.0145e+00   1.8070e+02   2.1116e-02  -9.0260e-04  -2.6620e-04
   1.0472e+00   1.8653e+02  -3.4696e-02  -8.7572e-04  -5.9747e-05
   1.0799e+00   1.9236e+02   2.2386e-02  -7.3624e-04  -2.3571e-04
   1.1126e+00   1.9819e+02  -3.4696e-02  -8.7572e-04  -5.9747e-05
   1.1454e+00   2.0402e+02   2.3543e-02  -5.8476e-04  -2.0794e-04
   1.1781e+00   2.0985e+02  -3.4696e-02  -8.7572e-04  -5.9747e-05
   1.2108e+00   2.1568e+02   2.4606e-02  -4.4559e-04  -1.8244e-04
   1.2435e+00   2.2151e+02  -3.4696e-02  -8.7572e-04  -5.9747e-05
   1.2763e+00   2.2733e+02   2.5590e-02  -3.1669e-04  -1.5881e-04
   1.3090e+00   2.3316e+02  -3.4696e-02  -8.7572e-04  -5.9747e-05
   1.3417e+00   2.3899e+02   2.6509e-02  -1.9642e-04  -1.3677e-04
   1.3744e+00   2.4482e+02  -3.4696e-02  -8.7572e-04  -5.9747e-05
   1.4072e+00   2.5065e+02   2.7372e-02  -8.3408e-05  -1.1605e-04
   1.4399e+00   2.5648e+02  -3.4696e-02  -8.7572e-04  -5.9747e-05
   1.4726e+00   2.6231e+02   2.8188e-02   2.3487e-05  -9.6459e-05
   1.5053e+00   2.6814e+02  -3.4696e-02  -8.7572e-04  -5.9747e-05
   1.5381e+00   2.7397e+02   2.8965e-02   1.2522e-04  -7.7812e-05
   1.5708e+00   2.7980e+02  -3.4696e-02  -8.7572e-04  -5.9747e-05
   1.6035e+00   2.8563e+02   2.9709e-02   2.2262e-04  -5.9960e-05
   1.6362e+00   2.9145e+02  -3.4696e-02  -8.7572e-04  -5.9747e-05
   1.6690e+00   2.9728e+02   3.0425e-02   3.1640e-04  -4.2772e-05
   1.7017e+00   3.0311e+02  -3.4696e-02  -8.7572e-04  -5.9747e-05
   1.7344e+00   3.0894e+02   3.1118e-02   4.0718e-04  -2.6132e-05
   1.7671e+00   3.1477e+02  -3.4696e-02  -8.7572e-04  -5.9747e-05
   1.7999e+00   3.2060e+02   3.1793e-02   4.9552e-04  -9.9397e-06
   1.8326e+00   3.2643e+02  -3.4696e-02  -8.7572e-04  -5.9747e-05
   1.8653e+00   3.3226e+02   3.2453e-02   5.8194e-04   5.8998e-06
   1.8980e+00   3.3809e+02  -3.4696e-02  -8.7572e-04  -5.9747e-05
   1.9308e+00   3.4392e+02   3.3102e-02   6.6690e-04   2.1471e-05
   1.9635e+00   3.4975e+02  -3.4696e-02  -8.7572e-04  -5.9747e-05
   1.9962e+00   3.5557e+02   3.3743e-02   7.5083e-04   3.6856e-05
   2.0289e+00   3.6140e+02  -3.4696e-02  -8.7572e-04  -5.9747e-05
   2.0617e+00   3.6723e+02   3.4379e-02   8.3416e-04   5.2129e-05
   2.0944e+00   3.7306e+02  -3.4696e-02  -8.7572e-04  -5.9747e-05
   2.1271e+00   3.7889e+02   3.5014e-02   9.1729e-04   6.7365e-05
   2.1598e+00   3.8472e+02  -3.4696e-02  -8.7572e-04  -5.9747e-05
   2.1926e+00   3.9055e+02   3.5650e-02   1.0006e-03   8.2638e-05
   2.2253e+00   3.9638e+02  -3.4696e-02  -8.7572e-04  -5.9747e-05
   2.2580e+00   4.0221e+02   3.6291e-02   1.0845e-03   9.8022e-05
   2.2907e+00   4.0804e+02  -3.4696e-02  -8.7572e-04  -5.9747e-05
   2.3235e+00   4.1387e+02   3.6940e-02   1.1695e-03   1.1359e-04
   2.3562e+00   4.1969e+02  -3.4696e-02  -8.7572e-04  -5.9747e-05
   2.3889e+00   4.2552e+02   3.7600e-02   1.2559e-03   1.2943e-04
   2.4216e+00   4.3135e+02  -3.4696e-02  -8.7572e-04  -5.9747e-05
   2.4544e+00   4.3718e+02   3.8274e-02   1.3443e-03   1.4563e-04
   2.4871e+00   4.4301e+02  -3.4696e-02  -8.7572e-04  -5.9747e-05
   2.5198e+00   4.4884e+02   3.8968e-02   1.4350e-03   1.6226e-04
   2.5525e+00   4.5467e+02  -3.4696e-02  -8.7572e-04  -5.9747e-05
   2.5853e+00   4.6050e+02   3.9684e-02   1.5288e-03   1.7945e-04
   2.6180e+00   4.6633e+02  -3.4696e-02  -8.7572e-04  -5.9747e-05
   2.6507e+00   4.7216e+02   4.0427e-02   1.6262e-03   1.9731e-04
   2.6834e+00   4.7799e+02  -3.4696e-02  -8.7572e-04  -5.9747e-05
   2.7162e+00   4.8381e+02   4.1204e-02   1.7280e-03   2.1595e-04
   2.7489e+00   4.8964e+02  -3.4696e-02  -8.7572e-04  -5.9747e-05
   2.7816e+00   4.9547e+02   4.2021e-02   1.8349e-03   2.3554e-04
   2.8143e+00   5.0130e+02  -3.4696e-02  -8.7572e-04  -5.9747e-05
   2.8471e+00   5.0713e+02   4.2884e-02   1.9479e-03   2.5626e-04
   2.8798e+00   5.1296e+02  -3.4696e-02  -8.7572e-04  -5.9747e-05
   2.9125e+00   5.1879e+02   4.3802e-02   2.0681e-03   2.7830e-04
   2.9452e+00   5.2462e+02  -3.4696e-02  -8.7572e-04  -5.9747e-05
   2.9780e+00   5.3045e+02   4.4786e-02   2.1970e-03   3.0193e-04
   3.0107e+00   5.3628e+02  -3.4696e-02  -8.7572e-04  -5.9747e-05
   3.0434e+00   5.4211e+02   4.5849e-02   2.3362e-03   3.2744e-04
   3.0761e+00   5.4793e+02  -3.4696e-02  -8.7572e-04  -5.9747e-05
   3.1089e+00   5.5376e+02   4.7006e-02   2.4877e-03   3.5520e-04
   3.1416e+00   5.5959e+02  -3.4696e-02  -8.7572e-04  -5.9747e-05
   3.1743e+00   5.6542e+02   4.8276e-02   2.6540e-03   3.8569e-04
   3.2070e+00   5.7125e+02  -3.4696e-02  -8.7572e-04  -5.9747e-05
   3.2398e+00   5.7708e+02   4.9685e-02   2.8385e-03   4.1950e-04
   3.2725e+00   5.8291e+02  -3.4696e-02  -8.7572e-04  -5.9747e-05
   3.3052e+00   5.8874e+02   5.1264e-02   3.0452e-03   4.5739e-04
   3.3379e+00   5.9457e+02  -3.4696e-02  -8.7572e-04  -5.9747e-05
   3.3707e+00   6.0040e+02   5.3055e-02   3.2797e-03   5.0038e-04
   3.4034e+00   6.0623e+02  -3.4696e-02  -8.7572e-04  -5.9747e-05
   3.4361e+00   6.1205e+02   5.5114e-02   3.5494e-03   5.4981e-04
   3.4688e+00   6.1788e+02  -3.4696e-02  -8.7572e-04  -5.9747e-05
   3.5016e+00   6.2371e+02   5.7520e-02   3.8645e-03   6.0755e-04
   3.5343e+00   6.2954e+02  -3.4696e-02  -8.7572e-04  -5.9747e-05
   3.5670e+00   6.3537e+02   6.0383e-02   4.2393e-03   6.7626e-04
   3.5997e+00   6.4120e+02  -3.4696e-02  -8.7572e-04  -5.9747e-05
   3.6325e+00   6.4703e+02   6.3865e-02   4.6953e-03   7.5983e-04
   3.6652e+00   6.5286e+02  -3.4696e-02  -8.7572e-04  -5.9747e-05
   3.6979e+00   6.5869e+02   6.8215e-02   5.2649e-03   8.6424e-04
   3.7306e+00   6.6452e+02  -3.4696e-02  -8.7572e-04  -5.9747e-05
   3.7634e+00   6.7035e+02   7.3834e-02   6.0008e-03   9.9912e-04
   3.7961e+00   6.7617e+02  -3.4696e-02  -8.7572e-04  -5.9747e-05
   3.8288e+00   6.8200e+02   8.1417e-02   6.9938e-03   1.1811e-03
   3.8615e+00   6.8783e+02  -3.4696e-02  -8.7572e-04  -5.9747e-05
   3.8943e+00   6.9366e+02   9.2274e-02   8.4154e-03   1.4417e-03
   3.9270e+00   6.9949e+02  -3.4696e-02  -8.7572e-04  -5.9747e-05
   3.9597e+00   7.0532e+02   1.0921e-01   1.0633e-02   1.8482e-03
   3.9924e+00   7.1115e+02  -3.4696e-02  -8.7572e-04  -5.9747e-05
   4.0252e+00   7.1698e+02   1.3953e-01   1.4603e-02   2.5758e-03
   4.0579e+00   7.2281e+02  -3.4696e-02  -8.7572e-04  -5.9747e-05
   4.0906e+00   7.2864e+02   2.0998e-01   2.3829e-02   4.2667e-03
   4.1233e+00   7.3447e+02  -3.4696e-02  -8.7572e-04  -5.9747e-05
   4.1561e+00   7.4029e+02   5.6138e-01   6.9845e-02   1.2701e-02
