# The data in this file was extracted from a direct numerical
# simulation of fully developed plane turbulent channel
# flow. Particulars are listed below. Note that some of the statistical
# quantities provided in this data set should be zero due to
# (statistical) symmetries in the flow. These quantities are reported
# here none-the-less as an indicator of the quality of the statistics.
#
# Authors: Moser, Kim & Mansour
# Reference: DNS of Turbulent Channel Flow up to Re_tau=590, 1998,
#    To appear in Physics of Fluids. For an up-to-date reference,
#    check http://www.tam.uiuc.edu/Faculty/Moser/channel
# Numerical Method: Kim, Moin & Moser, 1987, J. Fluid Mech. vol 177, 133-166 
# Re_tau = 178.12
# Normalization: U_tau, h 
# Description: Spanwise (z) Two-point cross correlations of velocity and pressure at indicated y-location 
# Filename: chan180/correlations/chan180.zccorr.178 
# Date File Created: Dec 15, 1998 
#
#---End of Header---
# 
# nz = 128,  Re = 178.12,  y = 1.00000,  y+ = 178.12
#      dz           dz+         R_uv         R_up         R_vp
#
   0.0000e+00   0.0000e+00  -2.5482e+00  -1.3484e-01   5.0803e+00
   3.2725e-02   5.8291e+00  -5.6581e-01  -1.5107e-01  -3.1366e+00
   6.5450e-02   1.1658e+01   2.0064e-02   1.0617e-03  -4.0003e-02
   9.8175e-02   1.7487e+01  -2.0169e-01  -5.0984e-02  -1.0172e+00
   1.3090e-01   2.3316e+01   2.0064e-02   1.0617e-03  -4.0003e-02
   1.6362e-01   2.9145e+01  -1.2869e-01  -3.0918e-02  -5.9225e-01
   1.9635e-01   3.4975e+01   2.0064e-02   1.0617e-03  -4.0003e-02
   2.2907e-01   4.0804e+01  -9.7275e-02  -2.2284e-02  -4.0941e-01
   2.6180e-01   4.6633e+01   2.0064e-02   1.0617e-03  -4.0003e-02
   2.9452e-01   5.2462e+01  -7.9725e-02  -1.7460e-02  -3.0726e-01
   3.2725e-01   5.8291e+01   2.0064e-02   1.0617e-03  -4.0003e-02
   3.5997e-01   6.4120e+01  -6.8476e-02  -1.4368e-02  -2.4178e-01
   3.9270e-01   6.9949e+01   2.0064e-02   1.0617e-03  -4.0003e-02
   4.2542e-01   7.5778e+01  -6.0619e-02  -1.2209e-02  -1.9605e-01
   4.5815e-01   8.1607e+01   2.0064e-02   1.0617e-03  -4.0003e-02
   4.9087e-01   8.7436e+01  -5.4795e-02  -1.0608e-02  -1.6215e-01
   5.2360e-01   9.3265e+01   2.0064e-02   1.0617e-03  -4.0003e-02
   5.5632e-01   9.9095e+01  -5.0288e-02  -9.3692e-03  -1.3592e-01
   5.8905e-01   1.0492e+02   2.0064e-02   1.0617e-03  -4.0003e-02
   6.2177e-01   1.1075e+02  -4.6680e-02  -8.3775e-03  -1.1492e-01
   6.5450e-01   1.1658e+02   2.0064e-02   1.0617e-03  -4.0003e-02
   6.8722e-01   1.2241e+02  -4.3714e-02  -7.5622e-03  -9.7652e-02
   7.1995e-01   1.2824e+02   2.0064e-02   1.0617e-03  -4.0003e-02
   7.5267e-01   1.3407e+02  -4.1221e-02  -6.8770e-03  -8.3142e-02
   7.8540e-01   1.3990e+02   2.0064e-02   1.0617e-03  -4.0003e-02
   8.1812e-01   1.4573e+02  -3.9087e-02  -6.2904e-03  -7.0721e-02
   8.5085e-01   1.5156e+02   2.0064e-02   1.0617e-03  -4.0003e-02
   8.8357e-01   1.5739e+02  -3.7231e-02  -5.7804e-03  -5.9920e-02
   9.1630e-01   1.6321e+02   2.0064e-02   1.0617e-03  -4.0003e-02
   9.4902e-01   1.6904e+02  -3.5595e-02  -5.3307e-03  -5.0398e-02
   9.8175e-01   1.7487e+02   2.0064e-02   1.0617e-03  -4.0003e-02
   1.0145e+00   1.8070e+02  -3.4136e-02  -4.9295e-03  -4.1903e-02
   1.0472e+00   1.8653e+02   2.0064e-02   1.0617e-03  -4.0003e-02
   1.0799e+00   1.9236e+02  -3.2820e-02  -4.5677e-03  -3.4241e-02
   1.1126e+00   1.9819e+02   2.0064e-02   1.0617e-03  -4.0003e-02
   1.1454e+00   2.0402e+02  -3.1621e-02  -4.2382e-03  -2.7264e-02
   1.1781e+00   2.0985e+02   2.0064e-02   1.0617e-03  -4.0003e-02
   1.2108e+00   2.1568e+02  -3.0520e-02  -3.9355e-03  -2.0854e-02
   1.2435e+00   2.2151e+02   2.0064e-02   1.0617e-03  -4.0003e-02
   1.2763e+00   2.2733e+02  -2.9500e-02  -3.6552e-03  -1.4917e-02
   1.3090e+00   2.3316e+02   2.0064e-02   1.0617e-03  -4.0003e-02
   1.3417e+00   2.3899e+02  -2.8548e-02  -3.3936e-03  -9.3780e-03
   1.3744e+00   2.4482e+02   2.0064e-02   1.0617e-03  -4.0003e-02
   1.4072e+00   2.5065e+02  -2.7654e-02  -3.1478e-03  -4.1728e-03
   1.4399e+00   2.5648e+02   2.0064e-02   1.0617e-03  -4.0003e-02
   1.4726e+00   2.6231e+02  -2.6808e-02  -2.9153e-03   7.5048e-04
   1.5053e+00   2.6814e+02   2.0064e-02   1.0617e-03  -4.0003e-02
   1.5381e+00   2.7397e+02  -2.6003e-02  -2.6940e-03   5.4362e-03
   1.5708e+00   2.7980e+02   2.0064e-02   1.0617e-03  -4.0003e-02
   1.6035e+00   2.8563e+02  -2.5232e-02  -2.4822e-03   9.9222e-03
   1.6362e+00   2.9145e+02   2.0064e-02   1.0617e-03  -4.0003e-02
   1.6690e+00   2.9728e+02  -2.4490e-02  -2.2782e-03   1.4241e-02
   1.7017e+00   3.0311e+02   2.0064e-02   1.0617e-03  -4.0003e-02
   1.7344e+00   3.0894e+02  -2.3772e-02  -2.0808e-03   1.8422e-02
   1.7671e+00   3.1477e+02   2.0064e-02   1.0617e-03  -4.0003e-02
   1.7999e+00   3.2060e+02  -2.3073e-02  -1.8886e-03   2.2491e-02
   1.8326e+00   3.2643e+02   2.0064e-02   1.0617e-03  -4.0003e-02
   1.8653e+00   3.3226e+02  -2.2389e-02  -1.7007e-03   2.6472e-02
   1.8980e+00   3.3809e+02   2.0064e-02   1.0617e-03  -4.0003e-02
   1.9308e+00   3.4392e+02  -2.1717e-02  -1.5159e-03   3.0385e-02
   1.9635e+00   3.4975e+02   2.0064e-02   1.0617e-03  -4.0003e-02
   1.9962e+00   3.5557e+02  -2.1052e-02  -1.3333e-03   3.4250e-02
   2.0289e+00   3.6140e+02   2.0064e-02   1.0617e-03  -4.0003e-02
   2.0617e+00   3.6723e+02  -2.0393e-02  -1.1521e-03   3.8088e-02
   2.0944e+00   3.7306e+02   2.0064e-02   1.0617e-03  -4.0003e-02
   2.1271e+00   3.7889e+02  -1.9735e-02  -9.7131e-04   4.1917e-02
   2.1598e+00   3.8472e+02   2.0064e-02   1.0617e-03  -4.0003e-02
   2.1926e+00   3.9055e+02  -1.9076e-02  -7.9007e-04   4.5755e-02
   2.2253e+00   3.9638e+02   2.0064e-02   1.0617e-03  -4.0003e-02
   2.2580e+00   4.0221e+02  -1.8412e-02  -6.0752e-04   4.9621e-02
   2.2907e+00   4.0804e+02   2.0064e-02   1.0617e-03  -4.0003e-02
   2.3235e+00   4.1387e+02  -1.7740e-02  -4.2274e-04   5.3533e-02
   2.3562e+00   4.1969e+02   2.0064e-02   1.0617e-03  -4.0003e-02
   2.3889e+00   4.2552e+02  -1.7056e-02  -2.3478e-04   5.7514e-02
   2.4216e+00   4.3135e+02   2.0064e-02   1.0617e-03  -4.0003e-02
   2.4544e+00   4.3718e+02  -1.6357e-02  -4.2633e-05   6.1583e-02
   2.4871e+00   4.4301e+02   2.0064e-02   1.0617e-03  -4.0003e-02
   2.5198e+00   4.4884e+02  -1.5638e-02   1.5481e-04   6.5764e-02
   2.5525e+00   4.5467e+02   2.0064e-02   1.0617e-03  -4.0003e-02
   2.5853e+00   4.6050e+02  -1.4896e-02   3.5878e-04   7.0083e-02
   2.6180e+00   4.6633e+02   2.0064e-02   1.0617e-03  -4.0003e-02
   2.6507e+00   4.7216e+02  -1.4126e-02   5.7062e-04   7.4569e-02
   2.6834e+00   4.7799e+02   2.0064e-02   1.0617e-03  -4.0003e-02
   2.7162e+00   4.8381e+02  -1.3321e-02   7.9189e-04   7.9255e-02
   2.7489e+00   4.8964e+02   2.0064e-02   1.0617e-03  -4.0003e-02
   2.7816e+00   4.9547e+02  -1.2475e-02   1.0244e-03   8.4178e-02
   2.8143e+00   5.0130e+02   2.0064e-02   1.0617e-03  -4.0003e-02
   2.8471e+00   5.0713e+02  -1.1580e-02   1.2702e-03   8.9383e-02
   2.8798e+00   5.1296e+02   2.0064e-02   1.0617e-03  -4.0003e-02
   2.9125e+00   5.1879e+02  -1.0629e-02   1.5318e-03   9.4923e-02
   2.9452e+00   5.2462e+02   2.0064e-02   1.0617e-03  -4.0003e-02
   2.9780e+00   5.3045e+02  -9.6088e-03   1.8121e-03   1.0086e-01
   3.0107e+00   5.3628e+02   2.0064e-02   1.0617e-03  -4.0003e-02
   3.0434e+00   5.4211e+02  -8.5076e-03   2.1148e-03   1.0727e-01
   3.0761e+00   5.4793e+02   2.0064e-02   1.0617e-03  -4.0003e-02
   3.1089e+00   5.5376e+02  -7.3089e-03   2.4443e-03   1.1425e-01
   3.1416e+00   5.5959e+02   2.0064e-02   1.0617e-03  -4.0003e-02
   3.1743e+00   5.6542e+02  -5.9925e-03   2.8061e-03   1.2191e-01
   3.2070e+00   5.7125e+02   2.0064e-02   1.0617e-03  -4.0003e-02
   3.2398e+00   5.7708e+02  -4.5329e-03   3.2073e-03   1.3040e-01
   3.2725e+00   5.8291e+02   2.0064e-02   1.0617e-03  -4.0003e-02
   3.3052e+00   5.8874e+02  -2.8971e-03   3.6569e-03   1.3993e-01
   3.3379e+00   5.9457e+02   2.0064e-02   1.0617e-03  -4.0003e-02
   3.3707e+00   6.0040e+02  -1.0414e-03   4.1670e-03   1.5073e-01
   3.4034e+00   6.0623e+02   2.0064e-02   1.0617e-03  -4.0003e-02
   3.4361e+00   6.1205e+02   1.0925e-03   4.7535e-03   1.6315e-01
   3.4688e+00   6.1788e+02   2.0064e-02   1.0617e-03  -4.0003e-02
   3.5016e+00   6.2371e+02   3.5854e-03   5.4388e-03   1.7766e-01
   3.5343e+00   6.2954e+02   2.0064e-02   1.0617e-03  -4.0003e-02
   3.5670e+00   6.3537e+02   6.5518e-03   6.2541e-03   1.9492e-01
   3.5997e+00   6.4120e+02   2.0064e-02   1.0617e-03  -4.0003e-02
   3.6325e+00   6.4703e+02   1.0160e-02   7.2458e-03   2.1592e-01
   3.6652e+00   6.5286e+02   2.0064e-02   1.0617e-03  -4.0003e-02
   3.6979e+00   6.5869e+02   1.4667e-02   8.4847e-03   2.4216e-01
   3.7306e+00   6.6452e+02   2.0064e-02   1.0617e-03  -4.0003e-02
   3.7634e+00   6.7035e+02   2.0490e-02   1.0085e-02   2.7605e-01
   3.7961e+00   6.7617e+02   2.0064e-02   1.0617e-03  -4.0003e-02
   3.8288e+00   6.8200e+02   2.8348e-02   1.2245e-02   3.2179e-01
   3.8615e+00   6.8783e+02   2.0064e-02   1.0617e-03  -4.0003e-02
   3.8943e+00   6.9366e+02   3.9597e-02   1.5337e-02   3.8727e-01
   3.9270e+00   6.9949e+02   2.0064e-02   1.0617e-03  -4.0003e-02
   3.9597e+00   7.0532e+02   5.7147e-02   2.0161e-02   4.8942e-01
   3.9924e+00   7.1115e+02   2.0064e-02   1.0617e-03  -4.0003e-02
   4.0252e+00   7.1698e+02   8.8559e-02   2.8795e-02   6.7225e-01
   4.0579e+00   7.2281e+02   2.0064e-02   1.0617e-03  -4.0003e-02
   4.0906e+00   7.2864e+02   1.6156e-01   4.8860e-02   1.0972e+00
   4.1233e+00   7.3447e+02   2.0064e-02   1.0617e-03  -4.0003e-02
   4.1561e+00   7.4029e+02   5.2568e-01   1.4895e-01   3.2166e+00
