x,y,z,pressure
-3.0000000000000226,3.6739403974420554e-16,12.000000000000005,252.87452780090274
-2.98196193795496,0.32848592144564087,12.000000000000005,250.45880086995732
-2.9800670323199574,-0.3452542293435173,12.000000000000005,251.22052767157862
-2.928233548902068,0.6522639673357097,12.000000000000005,214.6855716927588
-2.921085658019366,-0.6835631488850379,12.000000000000005,213.65734029260983
-2.840107900498164,0.9663266081030643,12.000000000000005,167.0347357379038
-2.82506301020626,-1.0094647038725264,12.000000000000005,162.14376134339776
-2.719767832757302,1.2660422330628072,12.000000000000005,102.26045105160273
-2.6949437526748072,-1.3180584850146155,12.000000000000005,92.36313047981015
-2.5701713405278377,1.5473264944184488,12.000000000000005,27.88292424580774
-2.5344458658254716,-1.6051741815766059,12.000000000000005,13.99330099609477
-2.394901981107178,1.8067773800025582,12.000000000000005,-50.88893321760999
-2.347866738515479,-1.8674907705722759,12.000000000000005,-69.06888094325998
-2.1979960367101405,2.0417672302705174,12.000000000000005,-128.9903047646346
-2.1398744848728515,-2.102602480020925,12.000000000000005,-143.50759118229956
-1.9847572313353112,2.2496085732105047,12.000000000000005,-195.84609712799946
-1.9168295706711678,-2.3077617721507933,12.000000000000005,-217.97274239839635
-1.7592480750970114,2.430030084230935,12.000000000000005,-275.01943846547755
-1.6824671181081028,-2.4838084460129113,12.000000000000005,-292.1046121903885
-1.5255055260206918,2.5831827055166525,12.000000000000005,-337.1753651551089
-1.4412706366648835,-2.631109832729837,12.000000000000005,-351.10026673261945
-1.2875079025263558,2.70967219436821,12.000000000000005,-386.78259090790914
-1.1973523256414897,-2.7506994398299587,12.000000000000005,-397.1519864860002
-1.0488731352881484,2.81066987497124,12.000000000000005,-421.6819300392838
-0.9543660573631291,-2.8441493330261514,12.000000000000005,-425.06321752682925
-0.812788188109725,2.887797666262187,12.000000000000005,-439.03841001870563
-0.7154546566600178,-2.913438627166116,12.000000000000005,-437.2703559185064
-0.581968309834917,2.9430108539296898,12.000000000000005,-442.36703965177355
-0.4832282094468913,-2.960825982322277,12.000000000000005,-433.8358447045223
-0.3599347741110242,2.9783295583910423,12.000000000000005,-434.57000911797167
-0.2621070599717587,-2.9885280472354347,12.000000000000005,-423.69005468744643
-0.14800879934927,2.996346674754964,12.000000000000005,-419.8128606991601
-0.051274164883858685,-2.999561794665268,12.000000000000005,-404.677833818769
0.0534510776440886,2.999523792587539,12.000000000000005,-396.5315119704607
0.14824345722770893,-2.9963350742847754,12.000000000000005,-375.26816402524605
0.24362923785858057,2.9900911013646976,12.000000000000005,-363.50283887431476
0.33580430865517974,-2.981146669704234,12.000000000000005,-338.6759757857982
0.4220503862774834,2.970163879560018,12.000000000000005,-325.528135291238
0.5110960741839106,-2.956142892851062,12.000000000000005,-297.963990356408
0.5885281648501928,2.941706069473654,12.000000000000005,-283.88267665027126
0.6740796851393588,-2.9232886580155535,12.000000000000005,-254.52090443352836
0.7431145045325651,2.9065066373833455,12.000000000000005,-240.9094136838173
0.824936127657709,-2.8843509469697035,12.000000000000005,-211.62867590278998
0.8853509018297802,2.866383397354426,12.000000000000005,-199.74667192586097
0.9622222124440519,-2.8415010846169326,12.000000000000005,-175.40156841198717
1.015436704683717,2.8229219434446082,12.000000000000005,-169.04374715081408
1.08846957609186,-2.7955739986490005,12.000000000000005,-152.27418494252845
1.1349941801170351,2.777010660962684,12.000000000000005,-151.57020381944065
1.2042472181758312,-2.74768787119567,12.000000000000005,-140.99476376240833
1.2445918138999048,2.729650383615717,12.000000000000005,-143.05516144220297
1.3101724878248644,-2.698786403579745,12.000000000000005,-136.42373196350513
1.3448360545511313,2.681681559465872,12.000000000000005,-139.5001529062869
1.4068879861708423,-2.6496539763463898,12.000000000000005,-134.88943435205525
1.4363509993692276,2.633798740718645,12.000000000000005,-138.19569102121665
1.4950431978681824,-2.6009317246917587,12.000000000000005,-134.48495207372318
1.5197623311107726,2.58656576505155,12.000000000000005,-137.77257653828266
1.575280263258166,-2.553133778749015,12.000000000000005,-134.47535726835065
1.5954733220617336,2.54056388988532,12.000000000000005,-137.70145552676973
1.6471701796332292,-2.5073552598957853,12.000000000000005,-134.6104344923044
1.6635588389933913,2.4965119645631537,12.000000000000005,-137.7831146008894
1.71256095981557,-2.4631554881727493,12.000000000000005,-134.8056246504522
1.72549624226872,2.4541113906904433,12.000000000000005,-137.9422782601515
1.7719981429620946,-2.4207483515101127,12.000000000000005,-135.0372090335904
1.7818033824116082,2.4135402848153538,12.000000000000005,-138.15478656630498
1.8259933034773808,-2.380283272145523,12.000000000000005,-135.29511119477868
1.8329649615326002,2.374918830148487,12.000000000000005,-138.3899695141365
1.8750231118722922,-2.341855744905032,12.000000000000005,-135.5539303154002
1.8794319568364224,2.338318951644964,12.000000000000005,-138.61922147900648
1.9195293455351148,-2.3055166647911136,12.000000000000005,-135.86677954178845
1.9216218731416004,2.3037728570029974,12.000000000000005,-138.89960747764988
1.9599196069704696,0.0,12.000000000000004,-137.55901964138013
2.009458168518899,0.0,12.000000000000004,-137.91620505049332
2.0580222576689136,0.0,12.000000000000004,-138.2565557874777
2.105588323612033,0.0,12.000000000000004,-138.60861614800993
2.1521332995240536,0.0,12.000000000000004,-138.95810872715057
2.1976346137510254,0.0,12.000000000000004,-139.3168465036756
2.2420702007553763,0.0,12.000000000000004,-139.67902582411827
2.285418511816262,-1.1102230246251565e-16,12.000000000000004,-140.0477771311363
2.3276585254796394,-1.8926187647706445,12.000000000000005,-138.97094780670835
2.32765852547964,1.8926187647706445,12.000000000000005,-141.85768395477137
2.368769757752262,0.0,12.000000000000004,-140.7764697856052
2.4087322720354827,0.0,12.000000000000004,-141.12703366324172
2.447526688793163,1.7348236531835817,12.000000000000005,-142.82157183326285
2.4475266887931633,-1.734823653183581,12.000000000000005,-140.10107309218586
2.4851341949497385,1.6805082662966964,12.000000000000005,-143.0999245433189
2.485134194949739,-1.6805082662966964,12.000000000000005,-140.45479594657493
2.5215365530134917,0.0,12.000000000000004,-142.0715028057321
2.55671610992071,3.3306690738754696e-16,12.000000000000004,-142.34189412845367
2.590655805596232,0.0,12.000000000000004,-142.58603390496364
2.6233391812269455,0.0,12.000000000000004,-142.8015547170535
2.6547503872430207,1.1102230246251565e-16,12.000000000000004,-142.98750212217317
2.684874191004307,1.1102230246251565e-16,12.000000000000004,-143.14205163421715
2.713695984187111,0.0,12.000000000000004,-143.26536292226396
2.7412017898685224,-7.771561172376096e-16,12.000000000000004,-143.35810834325815
2.767378269304372,1.1102230246251565e-16,12.000000000000004,-143.42328519772568
2.792212728397787,-8.881784197001252e-16,12.000000000000004,-143.46135379879485
2.815693123855026,2.220446049250313e-16,12.000000000000004,-143.4740735718445
2.837808069025872,-9.048317650695026e-15,12.000000000000004,-143.4630386288056
2.8585468394255495,8.1601392309949e-15,12.000000000000004,-143.43158766495714
2.8778993779352886,-0.8471689149631059,12.000000000000005,-142.47449686145046
2.87789937793529,0.8471689149630992,12.000000000000005,-144.29574102083427
2.895856299679676,0.7835919165009562,12.000000000000005,-144.2286638995883
2.8958562996796764,-0.7835919165009537,12.000000000000005,-142.4305678741164
2.912408896577619,-1.1657341758564144e-15,12.000000000000004,-143.26296233079904
2.927549141565477,1.1102230246251565e-16,12.000000000000004,-143.18811384382383
2.9412696924893837,-0.5907051684583837,12.000000000000005,-142.27961682938303
2.9412696924893855,0.590705168458381,12.000000000000005,-143.93529964366107
2.953563895666123,4.718447854656915e-15,12.000000000000004,-143.0262890808593
2.964425789109648,-0.4606297220780473,12.000000000000005,-142.221824093477
2.9644257891096486,0.4606297220780461,12.000000000000005,-143.67330902198603
2.973850105422193,3.497202527569243e-15,12.000000000000004,-142.8755898860427
2.9818322743488275,-1.915134717478395e-15,12.000000000000004,-142.81193844076859
2.9883684249936837,1.304512053934559e-15,12.000000000000004,-142.75827421722923
2.993455387697182,-2.0816681711721685e-15,12.000000000000004,-142.71328472359585
2.997090695573031,1.582067810090848e-15,12.000000000000004,-142.67745497416755
2.9992725857046585,-1.3183898417423734e-15,12.000000000000004,-142.65407461751607
3.0000000000000226,0.0,12.000000000000005,-142.6447076831121
