t,u,tke,sdr
4000.0,1.0901344867136435,0.030745106520578946,41.42880739018323
4000.3999999999905,1.09013861515215,0.030745090573083993,41.42913827541081
4000.799999999981,1.090146581948364,0.0307456458522557,41.428858162797184
4001.1999999999716,1.0901553351885147,0.030747030849920743,41.42909047464182
4001.599999999962,1.090161915635601,0.03074983079578513,41.429457168346225
4001.9999999999527,1.09016435401293,0.03075364924674269,41.42986182505323
4002.3999999999432,1.090162635636988,0.030758146110341403,41.430247875922426
4002.799999999934,1.0901584786788006,0.030762954744205873,41.430582567101524
4003.1999999999243,1.090154583520304,0.030767701125936145,41.430843333676904
4003.599999999915,1.0901537493819138,0.0307720543799069,41.431025443475825
4003.9999999999054,1.0901581005668575,0.03077574249110364,41.43114011270907
4004.399999999896,1.0901684779281497,0.030778468134957552,41.43120654816466
4004.7999999998865,1.090183970792284,0.03077968663776347,41.4312409858752
4005.199999999877,1.0902015594487884,0.03077812173332176,41.431244992601634
4005.5999999998676,1.090215855265283,0.030771097421546722,41.431188829047066
4005.999999999858,1.0902188786188045,0.030753906893853877,41.430994682428995
4006.3999999998487,1.0901998865972655,0.03071909972786235,41.43053478067659
4006.799999999839,1.090145679496471,0.030655258407013716,41.429651095028795
4007.1999999998297,1.0900414448105518,0.030545398295873848,41.42818143952789
4007.5999999998203,1.0898723821242182,0.030365157520595557,41.42596664364599
4007.999999999811,1.089625810062586,0.03008299512435054,41.42287077556704
4008.3999999998014,1.0892935142266897,0.029666327113973302,41.41889587595365
4008.799999999792,1.0888737109417677,0.029090949919306816,41.41420530135471
4009.1999999997824,1.088372093300407,0.028346316862418716,41.40889428529613
4009.599999999773,1.0878014369070121,0.027441020679824665,41.40281912051457
4009.9999999997635,1.087179574204149,0.026410802218861027,41.39572707658156
4010.399999999754,1.086525961446475,0.025322606779949068,41.38749113367284
4010.7999999997446,1.0858576012602483,0.024268521037666885,41.37807313179767
4011.199999999735,1.0851861658705044,0.023346022795349763,41.36820047697469
4011.5999999997257,1.0845177861714888,0.022628446124855005,41.35982980073672
4011.9999999997162,1.0838553276610612,0.022141406603634395,41.35562807143623
4012.399999999707,1.0832022066077749,0.021866697018755373,41.35776464117994
4012.7999999996973,1.0825664581234404,0.021763516379455942,41.36632353941089
4013.199999999688,1.0819637649521494,0.021780470565059527,41.37921056487012
4013.5999999996784,1.081419705542128,0.021856060454545134,41.39313109126454
4013.999999999669,1.080967895990014,0.02191739392058006,41.404658322732544
4014.3999999996595,1.0806446758463522,0.021890453067592817,41.41119058475685
4014.79999999965,1.0804839651900477,0.021721799579463633,41.411928202352605
4015.1999999996406,1.0805118920720092,0.021394805486660826,41.407458476924624
4015.599999999631,1.0807418749633364,0.020925785235534882,41.398796988437645
4015.9999999996217,1.0811721632057767,0.02034651969220576,41.386604443466794
4016.399999999612,1.0817857974926497,0.019688974049236745,41.37136150406509
4016.7999999996027,1.0825540849997852,0.018979016592021725,41.354058732144196
4017.1999999995933,1.083444458742279,0.018237999677768412,41.336125711393954
4017.599999999584,1.084433284166523,0.017487805688176806,41.319454722298666
4017.9999999995744,1.0855222028048517,0.016758351297340743,41.306224436156704
4018.399999999565,1.0867554611669137,0.01609424632599204,41.29861338320251
4018.7999999995554,1.0882349915926224,0.015552830592311849,41.299277772029846
4019.199999999546,1.090124174684919,0.015184760972463213,41.311123105069356
4019.5999999995365,1.0926151455313224,0.014977178159424087,41.33496361683664
4019.999999999527,1.0958588265022493,0.01476272696155942,41.366338263680184
4020.3999999995176,1.0999046757500432,0.014280959521008909,41.38941646335795
4020.799999999508,1.1046485294648611,0.013456112864987116,41.36098477103002
4021.1999999994987,1.1097794328481116,0.012332548439431627,41.26154221882312
4021.5999999994892,1.1148399253850783,0.011145471544972096,41.196370997572785
4021.9999999994798,1.1193958313816617,0.010372580115993265,41.212031833167856
4022.3999999994703,1.1231664241939046,0.01002684630650526,41.25320520363614
4022.799999999461,1.1260686529139516,0.009884411134688574,41.28540851545145
4023.1999999994514,1.1281847672200016,0.00983815596810311,41.3020184168943
4023.599999999442,1.1297261826999794,0.009881460848391883,41.306892548066806
4023.9999999994325,1.1310342136057008,0.010054527243207224,41.311302400250185
4024.399999999423,1.1325964460498221,0.010417321692725152,41.32838953316063
4024.7999999994136,1.134983951449136,0.010986886675685988,41.36981529610609
4025.199999999404,1.1387056734079706,0.011532383401813286,41.441753589032885
4025.5999999993946,1.1440532157401138,0.01145556461820659,41.531262599516914
4025.999999999385,1.1509023491249817,0.010512379050581973,41.552811552070686
4026.3999999993757,1.1585712779571433,0.008822112255522128,41.418062116665574
4026.7999999993663,1.166161990325916,0.00785877556116073,41.388114560848564
4027.199999999357,1.1731591116875797,0.0076782933693057675,41.43231310889
4027.5999999993473,1.179545052341007,0.0076195159558419615,41.46587837184891
4027.999999999338,1.1852701060041277,0.0074348285886167865,41.51119202651089
4028.3999999993284,1.1898734592087903,0.007052672199208996,41.60532736154254
4028.799999999319,1.19241169158792,0.0065331753677491675,41.760514048541744
4029.1999999993095,1.192115860214871,0.005865681581678822,41.87175168129214
4029.5999999993,1.1886648012567662,0.005270530815418377,41.92794166012737
4029.9999999992906,1.181790189043153,0.004962348466779065,42.04812886683303
4030.399999999281,1.1723822696184407,0.005028772979244869,42.42224879441355
4030.7999999992717,1.162170066887549,0.006216023723808982,44.690468411837024
4031.199999999262,1.1518857853141415,0.007741595578549278,45.38957724636898
4031.5999999992528,1.1427190624349046,0.008288829017334524,43.38976692876062
4031.9999999992433,1.1365124484903704,0.009235301969409868,42.293575946244985
4032.399999999234,1.1324487714266267,0.009884174786310495,42.028839430270274
4032.7999999992244,1.1297185748852756,0.010031049811907937,41.9653230676726
4033.199999999215,1.1278402000861778,0.009551195851192915,41.9344131665428
4033.5999999992055,1.1267201702751077,0.008711692025218773,41.90081307115982
4033.999999999196,1.1263483454724794,0.007917270074952772,41.83655923027759
4034.3999999991865,1.126605936335514,0.0072544865522074994,41.71910032805536
4034.799999999177,1.1271888952555318,0.006700793487754468,41.531352040901325
4035.1999999991676,1.127665316744815,0.006330548435974997,41.383955028737645
4035.599999999158,1.1276915786413848,0.006264044468326595,41.42020709801792
4035.9999999991487,1.1272371798583276,0.006354898141445603,41.5739672315647
4036.3999999991393,1.1266712594989472,0.006326755476948778,41.79701774407542
4036.79999999913,1.1265542636457226,0.005632733122875809,42.19148606594993
4037.1999999991203,1.1276748094662423,0.004937750989266325,42.61609119132347
4037.599999999111,1.130136426113017,0.005054341612421097,42.667657922966626
4037.9999999991014,1.1331272237161831,0.005687135373446851,42.574953386830686
4038.399999999092,1.1362554646460101,0.00688686559177545,42.35344064224694
4038.7999999990825,1.1392446339461317,0.007518634797194896,42.195618702127604
4039.199999999073,1.1421622092971206,0.007849917611505247,42.199850178492255
4039.5999999990636,1.1449772383173995,0.00781691212306858,42.26471126185514
4039.999999999054,1.1479486530423457,0.007588287446465216,42.35684110987014
4040.3999999990447,1.1512242977363543,0.007332911357995238,42.56026619972506
4040.799999999035,1.1546850009643475,0.006914605178678909,42.77762466440972
4041.1999999990257,1.15928688993047,0.006520710954059488,43.02001723645479
4041.5999999990163,1.1644440765868869,0.006495673688619437,43.39790880304893
4041.999999999007,1.1687863716112927,0.006078958873694728,43.35655416487624
4042.3999999989974,1.1719032443763089,0.005543898369483013,43.27360956171991
4042.799999998988,1.1747402659349657,0.005165197269092541,43.255987981134474
4043.1999999989785,1.177702354884929,0.004553575688922284,43.0811086824989
4043.599999998969,1.1811005587705639,0.0042744671278424,43.0029973306734
4043.9999999989595,1.1844671070258614,0.004079326605052393,43.01769318931126
4044.39999999895,1.1877344681606723,0.0041130741749304,42.918408986760916
4044.7999999989406,1.1916288936548827,0.0044765433421901524,42.84038632281506
4045.199999998931,1.1961391411444275,0.005239357545018612,42.79769166934824
4045.5999999989217,1.2006834489075797,0.005878861139552975,43.02362192010027
4045.9999999989122,1.2037752910235178,0.006214054959702909,43.42143668386686
4046.399999998903,1.2036894101271478,0.006388460605187293,43.89639121756359
4046.7999999988933,1.200323401097185,0.006295309244992156,44.27157177950658
4047.199999998884,1.1975696995723522,0.0062446485299528275,44.35343797743686
4047.5999999988744,1.1961265357275273,0.006191776672781834,44.18639748520799
4047.999999998865,1.1927864964760817,0.005903097322968627,44.030635848792976
4048.3999999988555,1.1897324710335015,0.006147018663662442,44.013698878781426
4048.799999998846,1.1878607098657834,0.00691456284849616,44.56629577528415
4049.1999999988366,1.1847458053359012,0.006571846386596484,44.95889782404905
4049.599999998827,1.1831967245862514,0.005989923040435933,45.453870438090476
4049.9999999988177,1.1805380231432476,0.00552860025422252,45.27873559400137
4050.399999998808,1.1775086144351743,0.005303637442308967,45.508673876861785
4050.7999999987987,1.1746951877817688,0.005054600801458919,45.258809049151125
4051.1999999987893,1.171647845764139,0.004791632808736646,44.70917999753937
4051.59999999878,1.168937776030574,0.005227682882175457,44.62656831725838
4051.9999999987704,1.1675017471511593,0.0056524527530044145,44.70877304878957
4052.399999998761,1.1665081412701308,0.005698820016637721,44.58726843919776
4052.7999999987514,1.1649053911494933,0.005472534423454404,44.600941309450604
4053.199999998742,1.1617974525582817,0.005323389470902832,44.807652548473065
4053.5999999987325,1.157674942940224,0.005323904251979616,44.883444539047716
4053.999999998723,1.1531107226479411,0.0053100242867609665,45.08502386145039
4054.3999999987136,1.1474911189145365,0.005239240165180203,45.10490966660917
4054.799999998704,1.1415114661631023,0.005185386602835127,45.050485145077865
4055.1999999986947,1.1357513111465725,0.005414455307846465,45.203067663105216
4055.5999999986852,1.1311411655765005,0.005697211124168865,45.97315145829652
4055.999999998676,1.1276136909133176,0.0052896023658130465,46.44194630706884
4056.3999999986663,1.1242298596140146,0.0046331061696566955,45.72019861353776
4056.799999998657,1.12338387968478,0.004443478686170125,45.23716045858894
4057.1999999986474,1.1245900092052457,0.0052286055615268804,45.42037147431417
4057.599999998638,1.1225312723937564,0.006574060157006503,46.3435247274975
4057.9999999986285,1.120327946676777,0.005493914840706862,46.4140570541084
4058.399999998619,1.1184973342418805,0.005053546438864326,46.33449282306326
4058.7999999986096,1.1154975580834747,0.005219668851207618,46.70673166564361
4059.1999999986,1.1110401283323545,0.004959220571368745,47.43835128697339
4059.5999999985906,1.1063153791646938,0.004703106335271798,47.19389359867938
4059.999999998581,1.1012885190985968,0.004684111064717125,46.41643008472929
4060.3999999985717,1.097733126972019,0.0036382434104895688,45.46357073491072
4060.7999999985623,1.0913994096478503,0.003910725590189008,46.06136528299795
4061.199999998553,1.0834465459592115,0.004199006856584042,45.63826625447978
4061.5999999985434,1.0758522156273238,0.0031296779832514546,44.711986112580554
4061.999999998534,1.0697625364791248,0.0031573507249096655,44.97661491368855
4062.3999999985244,1.0645648053726189,0.003264121136555686,45.333090249424366
4062.799999998515,1.0614663922250624,0.0032888735224103145,45.57374850317727
4063.1999999985055,1.0565203337464995,0.0034480530803997836,45.63463713855378
4063.599999998496,1.0533126728561204,0.0038245279319462588,45.773820520163326
4063.9999999984866,1.051251324061439,0.003532234864139963,45.819903921453594
4064.399999998477,1.047494018747155,0.0033332205450430424,45.92141634658636
4064.7999999984677,1.0436441445136273,0.00337773851054253,46.0367265817865
4065.199999998458,1.040493002152736,0.0031523226367812392,45.698270076241016
4065.5999999984488,1.0368076110493591,0.0030356577439347933,45.790343755564926
4065.9999999984393,1.0338738750213754,0.0029217335026562523,45.40043188083734
4066.39999999843,1.0346800114569792,0.0028642782363271792,45.06668727392928
4066.7999999984204,1.032994183487624,0.00276387477358469,44.920877882713256
4067.199999998411,1.0304752082195672,0.0026780078451026073,44.91116970845895
4067.5999999984015,1.0271305346628057,0.002528326392544578,44.933333667792795
4067.999999998392,1.0239177523982765,0.002662431390785768,45.175296842266036
4068.3999999983826,1.0194314058918101,0.0030770548493076195,45.638454227038196
4068.799999998373,1.014990495379853,0.003247562790069895,45.94546541062353
4069.1999999983636,1.0097584399092907,0.0030137370081642556,45.434059343475106
4069.599999998354,1.004230690299955,0.0030931795788248563,45.31740944132747
4069.9999999983447,0.9994902873437219,0.0029088458345865745,45.31293725871173
4070.3999999983353,0.9941741847900764,0.0027191459832345906,45.50544075275553
4070.799999998326,0.9897321116532221,0.0021873131115516665,44.610722320466984
4071.1999999983163,0.9873979111110076,0.001955259293478889,44.298290183118084
4071.599999998307,0.9853634342378369,0.0020292558288151946,44.45422115436326
4071.9999999982974,0.9839366361459235,0.002152884139449935,44.66264454374476
4072.399999998288,0.9816097859671712,0.0024048176825390557,45.057600375498
4072.7999999982785,0.9823740610373245,0.002473795240327021,44.923862404767995
4073.199999998269,0.9831960490375544,0.0023030940391871027,44.56299700765533
4073.5999999982596,0.9814292468898875,0.0021336280250321108,44.25026351023079
4073.99999999825,0.97754055738236,0.0022075609330342917,44.272177069031315
4074.3999999982407,0.9735680468815454,0.00275123701155859,44.82287262858912
4074.799999998231,0.9721039170914565,0.003186992150312792,45.17355413183201
4075.1999999982218,0.9684932687332508,0.0031372649582746114,45.41529495550888
4075.5999999982123,0.9642681725055084,0.0027268612463605454,44.99823668999681
4075.999999998203,0.9635113615405936,0.0022311291028833877,44.59830647734091
4076.3999999981934,0.9608831852533701,0.0019968543026213275,44.40011052571294
4076.799999998184,0.9587178503594957,0.002060110173412047,44.22908518840235
4077.1999999981745,0.9572738195504863,0.0026438645072946,44.60849660860452
4077.599999998165,0.9559582195900002,0.0037410675241030308,45.467146600057184
4077.9999999981555,0.9556946130378361,0.004670172086409991,45.911793855092824
4078.399999998146,0.954098836942396,0.003291136703813313,45.20209721636165
4078.7999999981366,0.9531269509814937,0.002623623813835345,44.73339396718741
4079.199999998127,0.9521745319161489,0.002345287018768976,44.548659437744135
4079.5999999981177,0.9490778088713038,0.002228141665790823,44.56075141683254
4079.9999999981083,0.9458059010245711,0.0021725279449931116,44.49625052737178
4080.399999998099,0.9433627872136349,0.001886328743071898,44.250671806138776
4080.7999999980893,0.9416819423217931,0.0017568347918766195,44.04034458998099
4081.19999999808,0.9413882678801768,0.00178940871034955,44.01070882411779
4081.5999999980704,0.9412071545559786,0.0021569863753061517,44.33945383943565
4081.999999998061,0.9426528054005479,0.0026443401464687592,44.61121983170182
4082.3999999980515,0.9443948338359285,0.0021047635994030423,44.17937368720442
4082.799999998042,0.9421812690309819,0.0018288186394790384,43.993984845067274
4083.1999999980326,0.9402345458100323,0.0017630012079060064,43.946645327625355
4083.599999998023,0.9386919056114014,0.0017040066344835869,43.91757040970547
4083.9999999980137,0.9382734278890296,0.0017165944814683384,43.991346635254125
4084.399999998004,0.9380964411593992,0.001670690727889215,44.046549478338385
4084.7999999979947,0.9364077959482583,0.00194251884606115,44.43526142801589
4085.1999999979853,0.9348189545408101,0.0018653426420064717,44.016712636556306
4085.599999997976,0.9328667884133705,0.0015748990130278835,43.7425621915496
4085.9999999979664,0.9306953920231449,0.001482878762084451,43.74941345737048
4086.399999997957,0.9290662574527879,0.001624448252658856,44.012029641159984
4086.7999999979475,0.9277176839970214,0.0018408174780937627,44.218043937094144
4087.199999997938,0.9257651108474912,0.0018216615987941087,44.01126099269598
4087.5999999979285,0.9245381253708613,0.0016438214297504203,43.79616409928922
4087.999999997919,0.9230888435270628,0.0015153128817757726,43.64004990908968
4088.3999999979096,0.9211941487638965,0.0013789079506540793,43.43028857474808
4088.7999999979,0.919066684757586,0.0013317034730765274,43.41839487021862
4089.1999999978907,0.9174535414230371,0.0012827064708846932,43.39183320513721
4089.5999999978812,0.9160324995235306,0.0012916965241916124,43.29136047313623
4089.999999997872,0.9160216970399611,0.0013261611411875568,43.30634240335106
4090.3999999978623,0.9159279751793286,0.0012025077072798497,43.2713354570483
4090.799999997853,0.915695325074438,0.0012114210900307236,43.218906111962845
4091.1999999978434,0.9155253617226735,0.001344695471023414,43.29388316309396
4091.599999997834,0.9155157754130436,0.0014837456017205227,43.39509463266979
4091.9999999978245,0.9153348712414637,0.001741368797549694,43.599672046808585
4092.399999997815,0.9162804754823344,0.0019382084498688406,43.79400345598029
4092.7999999978056,0.9169995999751146,0.0019605934948849673,43.95127824192691
4093.199999997796,0.9171921552629445,0.001948663294330232,44.124950715831496
4093.5999999977867,0.917945879583403,0.0018429307898371703,43.75625023245405
4093.999999997777,0.9176993164718467,0.0018667508840915484,43.605321859422816
4094.3999999977677,0.9178802335241973,0.0018878786509140667,43.49429207069911
4094.7999999977583,0.9181331257412159,0.0019704728781056355,43.47299044495326
4095.199999997749,0.9178809238221235,0.002136127613591079,43.627709229410286
4095.5999999977394,0.9168271691021794,0.0020804223894341275,43.745417815152415
4095.99999999773,0.9151585862191715,0.0019296665909903897,43.67068090644381
4096.39999999772,0.913352006748727,0.0017000127473296507,43.51708074544876
4096.799999997711,0.9116820334846283,0.001642994573826509,43.4836405151838
4097.1999999977015,0.9117175072036763,0.0014826340559481082,43.424318147482275
4097.599999997692,0.9113432856925539,0.0013643217680212893,43.35729128097853
4097.999999997683,0.9102313227591136,0.001371824396209385,43.358361702381835
4098.399999997673,0.9089228017812244,0.0013075366558495888,43.213756482821
4098.799999997664,0.9078576539938565,0.0011769337420990667,43.147626455496145
4099.199999997654,0.9069329619962422,0.0012841841987312422,43.338889606584495
4099.599999997645,0.9062957790232137,0.0012188835288534248,43.214858756325086
4099.999999997635,0.9059549703437004,0.001260694342909258,43.23576569655266
4100.399999997626,0.9052019554228625,0.0013714805867900482,43.29746959070562
4100.799999997616,0.9042901072427759,0.0012044351140592657,43.13514601532484
4101.199999997607,0.9034721199247692,0.0011715644420875408,43.052180708463624
4101.5999999975975,0.903852865492874,0.0012023809226675453,43.071131951301496
4101.999999997588,0.9038678648969498,0.0013031864437397854,43.17930636492807
4102.399999997579,0.9034835815108347,0.00143947616707452,43.24395489810381
4102.799999997569,0.9032667364449163,0.0018741226176841395,43.46966307719287
4103.19999999756,0.9038125566078332,0.002522442991641535,43.899306746834036
4103.59999999755,0.9049839056397592,0.0030153870815004227,44.30385378865951
4103.999999997541,0.9061286524359435,0.0034428000870275204,44.744389684211164
4104.399999997531,0.9071348093504245,0.0032429056699629644,44.79823834230051
4104.799999997522,0.9068341368827726,0.0026554605453068996,44.24639567626942
4105.199999997512,0.9049647764849933,0.0024564309542375925,44.10569697082345
4105.599999997503,0.9024488338949098,0.0028379145137278276,44.647547881198435
4105.999999997493,0.9008753427433618,0.0026614651646773364,44.6114279618049
4106.399999997484,0.9010716830313834,0.002240241818678055,44.282087975019884
4106.7999999974745,0.8991995535501214,0.002225709685750893,44.434353489935276
4107.199999997465,0.8969873625620267,0.0024327170648673537,44.73444692283941
4107.599999997456,0.8955606127783602,0.0022105913667517735,44.32777011244058
4107.999999997446,0.8952558001991229,0.0018757186664660258,43.87178443162953
4108.399999997437,0.8953103643819387,0.001711869199473983,43.59173432376117
4108.799999997427,0.8957460639675439,0.0015902394913222277,43.4388872999821
4109.199999997418,0.8963961826906981,0.0016272643680930704,43.53036074382403
4109.599999997408,0.8982596847924649,0.0016931777022482703,43.57321632277367
4109.999999997399,0.8994113167707147,0.0017521802304780272,43.431638538912786
4110.399999997389,0.8989479747011355,0.0021546889216952202,43.62922540942585
4110.79999999738,0.8992777528093043,0.002825249074588327,44.05980118414182
4111.1999999973705,0.8991387003273279,0.0025794541075423757,44.178377521140284
4111.599999997361,0.8988897139116497,0.0023797216130739176,44.40026576290862
4111.999999997352,0.8994615436903431,0.0021718735125710945,44.23025380727456
4112.399999997342,0.9003706141404269,0.0023977258718178027,44.46722981617401
4112.799999997333,0.8999523887039217,0.0023293109989759673,44.418914371227395
4113.199999997323,0.900145207301178,0.002147216640315138,44.425434464741365
4113.599999997314,0.9007055591382622,0.00197365286280537,44.16241108398882
4113.999999997304,0.9001499533071303,0.001860484329691284,43.803387718887244
4114.399999997295,0.8979272361699387,0.0016695751599830149,43.60347779808526
4114.799999997285,0.895685080561707,0.0015903631453987705,43.54389471726224
4115.199999997276,0.8960894118035138,0.0017156658679007555,43.694174420897085
4115.599999997266,0.8956915233644491,0.0019517273980780828,44.06335846916983
4115.999999997257,0.8961606671608007,0.002154266839482177,44.293865396684005
4116.3999999972475,0.896987117465628,0.002089471136118992,44.11387573021411
4116.799999997238,0.8969592057718316,0.0019171924985446186,43.87844666406659
4117.199999997229,0.8958516069673772,0.001809892582795352,43.81235626651753
4117.599999997219,0.8951881093334196,0.001852344149480409,43.93998338357029
4117.99999999721,0.895899852671994,0.001659584702890085,43.6657403091599
4118.3999999972,0.894697804529833,0.0015473575388415203,43.519105791007924
4118.799999997191,0.8927758655181791,0.0015037871963820906,43.5032737749988
4119.199999997181,0.8927709285944366,0.0013195747472205517,43.20152791534176
4119.599999997172,0.8934398588814112,0.001257978340591314,43.01815408075016
4119.999999997162,0.8941537052938806,0.0012189192234658224,42.98537654094296
4120.399999997153,0.8945920060907866,0.0013623035652038536,43.20252814059606
4120.7999999971435,0.8932962141332464,0.00161942768444942,43.43763073900024
4121.199999997134,0.8932390309731466,0.0017951271583949687,43.62216144231593
4121.5999999971245,0.8939677085416027,0.0018573139878165657,43.68086109602031
4121.999999997115,0.8933769657143203,0.0018763921819770094,43.705923779704165
4122.399999997106,0.8916891639144697,0.001872196783138921,43.74627942317501
4122.799999997096,0.8897999609016325,0.0019167369809302269,43.833878369360114
4123.199999997087,0.8896438178675053,0.001942869712511423,43.91531902233335
4123.599999997077,0.8889748023299492,0.00214728172505083,44.22477167741404
4123.999999997068,0.8876093170250322,0.0020051106860277967,44.01054451320369
4124.399999997058,0.8857925763019412,0.0019905126994289096,44.10588129149458
4124.799999997049,0.8834416261723931,0.0021369218743188642,44.39839995846574
4125.199999997039,0.881442538428737,0.0020751052290849835,44.336362287179846
4125.59999999703,0.8791543196208624,0.0020548547656917115,44.174098824763774
4125.9999999970205,0.8781031625917806,0.0022121997250371473,44.34684262433475
4126.399999997011,0.8777548188537853,0.002603412926444076,45.13386444823879
4126.799999997002,0.8783552886995579,0.0026283662451700857,45.18506810357763
4127.199999996992,0.8781738027750825,0.0023725028847072427,44.60342228276152
4127.599999996983,0.8784397170961383,0.002152812827117115,44.31803385727331
4127.999999996973,0.8778344417868411,0.0017752754994026128,43.99191242840632
4128.399999996964,0.8780563828810277,0.0016365202831435236,43.79550170761181
4128.799999996954,0.8770608192525174,0.0017273715061319993,43.844068825866486
4129.199999996945,0.8748202976808246,0.0016463065790235964,43.82688710702454
4129.599999996935,0.8740070688806407,0.001372151003912442,43.495108609052394
4129.999999996926,0.8739541712603334,0.0012332354899384289,43.168797240233786
4130.399999996916,0.8736619048561889,0.001296017756440414,43.12295912665548
4130.799999996907,0.8724380311043684,0.0013060924061193658,43.07502929341188
4131.1999999968975,0.8721179192976981,0.0013376631735615928,43.10409943190643
4131.599999996888,0.8726051133626801,0.0015551258855686044,43.37084909382267
4131.999999996879,0.872503457830758,0.0017849350677671062,43.632685320225136
4132.399999996869,0.8715397395714949,0.0018370724079597278,43.73945401549642
4132.79999999686,0.8704778609340256,0.0017632500890454926,43.7507911654082
4133.19999999685,0.8693033020564986,0.0017606771736833054,43.89871977183132
4133.599999996841,0.8685567590525305,0.001752528370911318,43.820339002063825
4133.999999996831,0.868379956166049,0.0018736080377344414,43.80054364264262
4134.399999996822,0.8678797031178707,0.0019907546979052817,43.80609196344228
4134.799999996812,0.8675917843105673,0.0018948908323754834,43.732908459397116
4135.199999996803,0.8671734948102731,0.001673143066857298,43.60749002018694
4135.5999999967935,0.8668190099991794,0.0015700382610778448,43.496180310432976
4135.999999996784,0.8681185228855685,0.0016369148992102988,43.587315807280355
4136.399999996775,0.8681111398940436,0.0017816420360832097,43.854537679057216
4136.799999996765,0.8669080855707537,0.0018688227388601604,43.95179460213068
4137.199999996756,0.8682600663925053,0.0017625662624105938,43.57560015609008
4137.599999996746,0.8683029476322863,0.0015899673857908618,43.48225208396392
4137.999999996737,0.8677815644508965,0.0014695102328026336,43.4785161303405
4138.399999996727,0.8678616295233359,0.001417891700449388,43.47693465082589
4138.799999996718,0.8687221044014961,0.001314579223435388,43.271777375929474
4139.199999996708,0.8704912302394486,0.001229244738424137,43.100272368427426
4139.599999996699,0.8712107657557758,0.0012557283728791722,42.990965639926046
4139.999999996689,0.8713042850888855,0.0013146817556462923,43.053917367283155
4140.39999999668,0.8713940090320494,0.0013902228001668071,43.23362426597481
4140.7999999966705,0.8716302015907046,0.001605000368812054,43.462648825770316
4141.199999996661,0.8725703203261117,0.001814819514690939,43.615267803803846
4141.599999996652,0.8726096274464104,0.001907670256813492,43.66282687784908
4141.999999996642,0.8731088043565026,0.0017609846327368156,43.5484241499356
4142.399999996633,0.874031268640126,0.00160992074145282,43.36835854640422
4142.799999996623,0.8743611217160021,0.0015817723181959084,43.340163289135916
4143.199999996614,0.8737331824620844,0.001745197905454593,43.58541502504197
4143.599999996604,0.8733608383913881,0.0017593708963316882,43.59200215619828
4143.999999996595,0.8729424890690054,0.001543482601628789,43.37658331746329
4144.399999996585,0.8726545083528005,0.0014756863518911696,43.44691036659771
4144.799999996576,0.872299741847551,0.001525935847249185,43.51953184601556
4145.1999999965665,0.8730719276361618,0.0017126176270473165,43.52988959641345
4145.599999996557,0.8737764230391519,0.0017397504631096001,43.54933119811046
4145.999999996548,0.8732121363643383,0.0017779099930490313,43.67999693853291
4146.399999996538,0.8725701145425636,0.001707514060740112,43.72675229117402
4146.799999996529,0.8712222913418777,0.0016270900899353464,43.447992004593274
4147.199999996519,0.8693962914398526,0.0015564568497574817,43.38037621090752
4147.59999999651,0.8684986042140087,0.0014966613362154043,43.316258623499934
4147.9999999965,0.8691124186295819,0.0014697556744015232,43.338423249604276
4148.399999996491,0.8701168008308742,0.001501128022478998,43.356392896975365
4148.799999996481,0.870167192566804,0.0015663481412109658,43.35197162513065
4149.199999996472,0.8706013883280522,0.0016851115565512586,43.41603751356629
4149.599999996462,0.8698028675253433,0.0017788593821524894,43.477012744041396
4149.999999996453,0.8683843247955129,0.001963919173604952,43.69074740428806
4150.3999999964435,0.868502011226114,0.0019775199620860914,43.9453042381045
4150.799999996434,0.8689993539651691,0.001993231979257062,43.877404338710214
4151.199999996425,0.8689168753028018,0.0017592230896142447,43.5158699325706
4151.599999996415,0.8687249442547988,0.001634056761985557,43.32574393081647
4151.999999996406,0.867319651487442,0.0016816362195572767,43.48898043113505
4152.399999996396,0.8659975936211088,0.0016644766992307996,43.5473694963349
4152.799999996387,0.8634018756096971,0.0015976710735233367,43.59482669146961
4153.199999996377,0.8618178462056075,0.0015606754694469525,43.52868464642819
4153.599999996368,0.8613670042027634,0.0016074775181795793,43.61138757664141
4153.999999996358,0.8604460919065381,0.0017269666747937802,43.78011289251039
4154.399999996349,0.8604713807438346,0.0019660604933205562,43.85743853706686
4154.7999999963395,0.8585570034300354,0.0021676176792070224,43.94488125047424
4155.19999999633,0.8577204880145478,0.0022711910664275133,43.90742023126634
4155.599999996321,0.8584662465009003,0.002506112184731278,43.99455997530204
4155.999999996311,0.8576858257564131,0.0022969554993540454,44.034248183142594
4156.399999996302,0.8574573905321907,0.002287006950100742,44.22251017299426
4156.799999996292,0.8566024874691955,0.002606663237087967,44.325947214841875
4157.199999996283,0.856551790806328,0.002597592778033491,44.505377455535324
4157.599999996273,0.8558352683738486,0.00220749026015077,44.168769101091314
4157.999999996264,0.8543360707631182,0.001832394896812539,43.787022119857035
4158.399999996254,0.8522514152278581,0.0017325127709985316,43.78518460041888
4158.799999996245,0.850189479494956,0.0015541537867477316,43.574544312775934
4159.199999996235,0.8508367128914135,0.0013196951059022382,43.22662073595093
4159.599999996226,0.8510933785196577,0.0011420797109869968,42.928971330970995
4159.9999999962165,0.8511740180572973,0.0010600087515609633,42.79881619465903
4160.399999996207,0.852612030520048,0.0011800194335021188,42.941025828704255
4160.799999996198,0.8526180749382847,0.0014325008846960972,43.25005408470877
4161.199999996188,0.8508739224343048,0.0016481382117913756,43.53982835317411
4161.599999996179,0.8498445013721468,0.0017078058211552494,43.51834843887367
4161.999999996169,0.8479699252943298,0.0018538429794029314,43.649296691065594
4162.39999999616,0.8459198406301139,0.002135519746227305,43.827501371552785
4162.79999999615,0.8444285495876233,0.002515791901435197,44.19858059115327
4163.199999996141,0.8451658525902846,0.0024618397930519687,44.05066556988984
4163.599999996131,0.8451895812523471,0.0022055583516196607,43.852457584425224
4163.999999996122,0.8442793018822192,0.002121993850315015,43.69548492911518
4164.3999999961125,0.8442263515180349,0.002250231310947165,43.88067124621588
4164.799999996103,0.8436597390485419,0.002313784364087391,44.20801533899556
4165.1999999960935,0.8432415361335942,0.002297612411952629,44.46656543080446
4165.599999996084,0.8427906618824056,0.002117883669518385,44.13031615374047
4165.999999996075,0.8429254162980487,0.001798710130046854,43.76140365992977
4166.399999996065,0.8422183457850343,0.002059257902044742,43.972626507814994
4166.799999996056,0.8434728535221132,0.002181636629365643,44.16022747388786
4167.199999996046,0.8432640937083474,0.002329349877028784,44.2073996016826
4167.599999996037,0.8450208351876554,0.002022983062785958,43.90548242269628
4167.999999996027,0.8460871912693815,0.0018965925101826094,43.76909241585768
4168.399999996018,0.8459475366494057,0.0019223876569828056,43.676799330606904
4168.799999996008,0.8462190523306272,0.0019482944187157254,43.69362532957688
4169.199999995999,0.8456494778811782,0.001880169618309671,43.81145276956174
4169.5999999959895,0.8461305788755812,0.0019230219721920374,44.044349779375
4169.99999999598,0.8463395487138176,0.0019156414874842544,43.87667325277428
4170.399999995971,0.8455168305282993,0.0016791466148131891,43.7589184642254
4170.799999995961,0.8448100539743055,0.00173093024312054,43.84514665011524
4171.199999995952,0.8430717735780855,0.0016314684688442966,43.732117757645796
4171.599999995942,0.8418604986688365,0.0015641382951450235,43.58069677743533
4171.999999995933,0.8409667529618545,0.0013097537423396918,43.3017225325494
4172.399999995923,0.8403871016734271,0.0011985455718421288,43.25539235632141
4172.799999995914,0.8406613969631473,0.0013289119814973098,43.376863068761544
4173.199999995904,0.8414479020795429,0.0013915386148362306,43.363559381907756
4173.599999995895,0.8413061883089178,0.0014395587120490762,43.49305962978801
4173.999999995885,0.8405414752470582,0.0014822467149895491,43.48896975108444
4174.399999995876,0.8407108158793448,0.0015249544873754673,43.442540520580735
4174.7999999958665,0.8411703231297067,0.0015614823614880716,43.448835660117496
4175.199999995857,0.840632851720734,0.0016275969166365959,43.50374605966728
4175.599999995848,0.8419308214351601,0.0016885824968703182,43.63374071894316
4175.999999995838,0.8425185526759248,0.0016642437451039331,43.60759495883234
4176.399999995829,0.8420340671131731,0.001482166118490422,43.422550317212504
4176.799999995819,0.8418051041268748,0.0013343439750725338,43.184092510482685
4177.19999999581,0.8413291034959969,0.0013996618996880317,43.254511991036495
4177.5999999958,0.8405751001683817,0.0014412900463504998,43.33928617740625
4177.999999995791,0.8391254928233053,0.0015017846605052476,43.42762841050532
4178.399999995781,0.8380485614587558,0.0015605771302100726,43.57303700616829
4178.799999995772,0.8378078785606369,0.0016808754480394526,43.68887544976032
4179.1999999957625,0.838224091831264,0.0017348382210653577,43.71971548429685
4179.599999995753,0.8384592697211948,0.001542717762885051,43.474316200325426
4179.999999995744,0.8392208870308736,0.001296100292524555,43.14094629665989
4180.399999995734,0.8396617865707947,0.0012550298025522935,43.090720578463255
4180.799999995725,0.8405199133059452,0.001263301309403697,43.1424155854625
4181.199999995715,0.8415511410378671,0.0013749088751523436,43.22518284454561
4181.599999995706,0.8421633595355384,0.0014578362982823677,43.198938415502596
4181.999999995696,0.8419476198625285,0.001448853298316981,43.05418864396242
4182.399999995687,0.8431347123250914,0.0013861317293175968,42.92362314062856
4182.799999995677,0.8440118537200816,0.0014063439488975042,42.97609846537504
4183.199999995668,0.8443073248733693,0.0014803762990657915,43.13351207626792
4183.599999995658,0.8448518105251243,0.0016120662895218354,43.272815767543115
4183.999999995649,0.8462372266576121,0.0017868775123868826,43.37606842664311
4184.3999999956395,0.8481670202321849,0.0019408643243190098,43.47908950688941
4184.79999999563,0.8502241250793956,0.0018833464842950578,43.42634623140307
4185.199999995621,0.8516943826216259,0.0018352105221371053,43.42102453849818
4185.599999995611,0.8533531486241623,0.0019457151039352374,43.495294629354696
4185.999999995602,0.8544548336504136,0.001987634767425955,43.44278302389742
4186.399999995592,0.8539967391649407,0.001983455784085739,43.489372989643144
4186.799999995583,0.8530481186640031,0.002031347233385919,43.54340238989998
4187.199999995573,0.8517712039497783,0.0019523721506305351,43.50190440571323
4187.599999995564,0.8520603312580566,0.0019623643132058183,43.73616616121976
4187.999999995554,0.8526415236548087,0.0018779298443086616,43.92460357567339
4188.399999995545,0.8523449375078235,0.001735191471955033,43.902247596235995
4188.7999999955355,0.8513830723730068,0.0016163864895875147,43.70087009178726
4189.199999995526,0.8504747976674124,0.0015670318777512289,43.62444742991902
4189.599999995517,0.8501064525457748,0.0015376987585216217,43.51128302980074
4189.999999995507,0.8494642500165523,0.0014291268548467383,43.21704299381595
4190.399999995498,0.848858797126772,0.0013445976745792303,42.921173168613734
4190.799999995488,0.8494180282764667,0.0013527091688019977,42.89433476386936
4191.199999995479,0.8499710484872353,0.001294566402928296,42.786783242799935
4191.599999995469,0.8505155034903658,0.0013541322696054578,42.899882793800494
4191.99999999546,0.8497431730154508,0.0014262349418574924,43.05119354694634
4192.39999999545,0.8497975122845467,0.0015631676237201745,43.31147445090374
4192.799999995441,0.8518908056653429,0.0016573466344213298,43.42964460407558
4193.199999995431,0.853336708419,0.001599323953994939,43.278032582377634
4193.599999995422,0.8543343460225399,0.0015416179366651648,43.09012396339851
4193.9999999954125,0.8559987302574589,0.001628048905930928,43.16402613924137
4194.399999995403,0.8573045262622652,0.0019083318893860447,43.40499619367078
4194.799999995394,0.8581527527855554,0.0019576446277982337,43.59058553752665
4195.199999995384,0.8589862023666418,0.0018779719530944137,43.62546182951365
4195.599999995375,0.8600156599169732,0.0018137053514032382,43.55660033184847
4195.999999995365,0.8605536054309182,0.0018548624872667158,43.69846741764139
4196.399999995356,0.8611788951162422,0.001934938178752406,43.84601448592212
4196.799999995346,0.8615518503841572,0.0018297839890972333,43.6169894881293
4197.199999995337,0.861627663880403,0.001582107174524662,43.31266077631851
4197.599999995327,0.8612205481138835,0.0015641563998631865,43.269020137476694
4197.999999995318,0.8623653731067978,0.0014926093952749256,43.22489357541416
4198.3999999953085,0.8642433716437323,0.001568755002138165,43.26820793285053
4198.799999995299,0.8653767746475569,0.001741708931434746,43.366085992043175
4199.1999999952895,0.8656939364382757,0.002007845717304196,43.67173773239355
4199.59999999528,0.8670965635145675,0.002248619044371577,43.86172134749591
4199.999999995271,0.8684690319986339,0.0024005535144112707,44.14119348001121
4200.399999995261,0.8690381091491726,0.002270957117353448,44.220709076624516
4200.799999995252,0.8686783084432231,0.0019961539707060052,43.93606835598161
4201.199999995242,0.8673885027611102,0.0019324749785864044,43.65734542664142
4201.599999995233,0.8655223261502154,0.001663014582324381,43.31489307472474
4201.999999995223,0.8653084881320833,0.001341017736744308,43.00163597804475
4202.399999995214,0.8657118672764574,0.0013217984423391366,42.96645814847331
4202.799999995204,0.8657853728633502,0.0013522387736416733,43.07001628136933
4203.199999995195,0.8657181297457963,0.001493830338197575,43.24558404896402
4203.5999999951855,0.8658482008572979,0.0016213490672383228,43.39185889358345
4203.999999995176,0.8653307741524269,0.001658518031708728,43.41650852377736
4204.399999995167,0.8644457844024358,0.0017226322905598969,43.4601582972648
4204.799999995157,0.8643012369243751,0.0018371796799222843,43.530644300730195
4205.199999995148,0.8645217664653703,0.0019593939727217775,43.60321264075033
4205.599999995138,0.8660274730735317,0.002209046275453361,43.933137143048285
4205.999999995129,0.8665737781219356,0.0021035563606399367,44.01167732679215
4206.399999995119,0.8664923447323768,0.0019071379409187144,43.8864817560111
4206.79999999511,0.867069144791506,0.0017464623785347496,43.69073970019831
4207.1999999951,0.8674976360706246,0.0017101866294782124,43.61348931170548
4207.599999995091,0.8676075374607115,0.0016778486563403024,43.646874632592635
4207.999999995081,0.868008015672118,0.0016065766890328956,43.63476940439809
4208.399999995072,0.8672207193147377,0.0015551369247344593,43.50986183976463
4208.7999999950625,0.8660790139713886,0.001653913973231138,43.601488108550974
4209.199999995053,0.8664931301897677,0.0016501157968013332,43.58280613606133
4209.599999995044,0.8668095718778116,0.0016327610949718047,43.50904800615108
4209.999999995034,0.8677009448193388,0.0017668929786543645,43.592150037395356
4210.399999995025,0.8681413022942824,0.0017947445399028364,43.75958369105337
4210.799999995015,0.8682655772909358,0.001696319048493521,43.662189100687385
4211.199999995006,0.8696498673768702,0.001651852034816041,43.45985437871366
4211.599999994996,0.8709394535861523,0.0015792809512410542,43.42738088996628
4211.999999994987,0.8708485478410323,0.0014243390808138113,43.322529927395664
4212.399999994977,0.8704478291820827,0.0013213075976795177,43.09771771855007
4212.799999994968,0.8700592521633617,0.0013120459719807818,43.04636284872737
4213.1999999949585,0.8700516971628739,0.0013487887238383687,43.21062422072453
4213.599999994949,0.8694826114719517,0.001446138782609175,43.4361064968105
4213.99999999494,0.8686520666720656,0.0016041041023526093,43.6894812590209
4214.39999999493,0.8672851115799818,0.0015460228394073177,43.50145991316847
4214.799999994921,0.8660396975572799,0.0013038007571452195,43.20632546152859
4215.199999994911,0.8660883012425876,0.0013317811566824877,43.09694416156222
4215.599999994902,0.8666916511764353,0.0014458165942550672,43.20830665424838
4215.999999994892,0.8659531895028046,0.0015383574711952772,43.37690031872815
4216.399999994883,0.8657697644593413,0.0015666639665070947,43.5267044467256
4216.799999994873,0.8649021525815649,0.0015940007582726948,43.645926638090145
4217.199999994864,0.8643784118516579,0.00164166109213704,43.711227989982454
4217.599999994854,0.8636547916200414,0.0016514255528001503,43.720057961701706
4217.999999994845,0.8629564938170442,0.0016993170620785796,43.6086127448005
4218.3999999948355,0.8632943605954708,0.0017573183890622842,43.640307222479265
4218.799999994826,0.864971675302204,0.001814120113562564,43.65892729608873
4219.199999994817,0.8660887402145527,0.0017690590625124266,43.46902051052581
4219.599999994807,0.865335809145047,0.0017514150828310906,43.43808044022565
4219.999999994798,0.8655914491457425,0.0016491631369707498,43.34890996703444
4220.399999994788,0.8668142667513633,0.0016479870518341917,43.3340382030711
4220.799999994779,0.867194253510095,0.0017177818831132965,43.42066638912526
4221.199999994769,0.8670432412285678,0.0015284710932262251,43.30472182734938
4221.59999999476,0.8682638877563629,0.001634713232935381,43.31415832793936
4221.99999999475,0.8686000119892886,0.001685805198414379,43.31431434819021
4222.399999994741,0.8678717778384148,0.001943784954382344,43.58207688804183
4222.7999999947315,0.8663558503849301,0.002159695923053547,43.878230977561174
4223.199999994722,0.8670200336546655,0.002072948639612779,43.76060225450017
4223.599999994713,0.8684029742410451,0.0019336582302643534,43.5764832872845
4223.999999994703,0.8684455006095436,0.0017706565217123617,43.31469879746946
4224.399999994694,0.8692746001678787,0.0016348684177589033,43.21528357604611
4224.799999994684,0.869249431625625,0.0017715099535895685,43.46642969828137
4225.199999994675,0.8694779472537493,0.001869003673532828,43.595917520221
4225.599999994665,0.8698862136308495,0.0019480089329817671,43.74749114754952
4225.999999994656,0.8697606053045516,0.0019126665000481864,43.78830169334412
4226.399999994646,0.8690884079296947,0.0019236533134895182,43.78748948766933
4226.799999994637,0.8698382132004258,0.0022922786746586354,43.89006667430439
4227.199999994627,0.8705374779148457,0.0022921903465543377,43.97549020633599
4227.599999994618,0.869837393303189,0.002188797156570907,44.06236246154
4227.9999999946085,0.8697549786573974,0.0021620350565747285,44.25024673084676
4228.399999994599,0.8701060045410355,0.0017544627965379726,43.86358251187853
4228.79999999459,0.8689821366008932,0.0016362576565506206,43.779411776352326
4229.19999999458,0.8675762023165661,0.0016129789384257294,43.71029262236319
4229.599999994571,0.8670230877561048,0.0016200569396155019,43.675513513636254
4229.999999994561,0.8678590524820246,0.0016210179514480885,43.70863425869533
4230.399999994552,0.8678847076746752,0.0014323582453321397,43.49992450408115
4230.799999994542,0.8686384005116623,0.0013391973004421415,43.34303448275217
4231.199999994533,0.8687419305263661,0.0013776346896062978,43.431326881338904
4231.599999994523,0.8685803744123772,0.0012953127092827444,43.30435279097831
4231.999999994514,0.8678696917333307,0.0013474377944947369,43.24141137881733
4232.3999999945045,0.8673678353702332,0.001528516961705408,43.441809136912866
4232.799999994495,0.8665449626041165,0.0015140777572173988,43.36674225168466
4233.199999994486,0.8662046443709599,0.0014096579388109861,43.25378241966559
4233.599999994476,0.8667712064598937,0.0012949410045231759,42.976570126535066
4233.999999994467,0.867099408923174,0.0012965509091078643,42.92550057471564
4234.399999994457,0.8669980729817571,0.0013213633899693009,42.95535715203093
4234.799999994448,0.8673282158758597,0.0013802997456978422,43.04841073328229
4235.199999994438,0.8678284801503648,0.0014315630570770862,43.0931074142479
4235.599999994429,0.8699796563116741,0.0016135456957335527,43.3120497604761
4235.999999994419,0.870877518538026,0.0016665382614098221,43.39744673295944
4236.39999999441,0.8712308103589776,0.001692178089538938,43.43291569335409
4236.7999999944,0.8702482745263129,0.0016250784885184417,43.40015761568042
4237.199999994391,0.8693436587531586,0.0017896924080087334,43.55432115418815
4237.5999999943815,0.8692866995591574,0.0018597585649044314,43.625686197012016
4237.999999994372,0.8680948685594272,0.001600405864113288,43.4675105494592
4238.399999994363,0.8675777587535561,0.0015960009490720976,43.537115960055075
4238.799999994353,0.8682025689604425,0.0015610324510639756,43.4877295565669
4239.199999994344,0.8697461292343599,0.0014173062962611809,43.23381761673716
4239.599999994334,0.8694744736554622,0.0013231446972313667,42.958164644209425
4239.999999994325,0.868507619009265,0.0014331374493824615,43.159117019299906
4240.399999994315,0.8686985543353751,0.0015788679682270889,43.292701893029054
4240.799999994306,0.8682306431572464,0.0017229088561484557,43.50104109584641
4241.199999994296,0.8681274918653625,0.0019299599104073684,43.663325132755226
4241.599999994287,0.8683243975283641,0.0021650899920024644,43.99909484828911
4241.9999999942775,0.8681024791407489,0.002315949547865234,44.402140352300734
4242.399999994268,0.8669266684889155,0.0021596318402383407,44.42857675410766
4242.7999999942585,0.8659648512150355,0.0019233008037573877,44.103132835043596
4243.199999994249,0.8651867301924231,0.0018117550485236879,43.90707886222719
4243.59999999424,0.8641527955931072,0.0018120859111561889,43.93922173157879
4243.99999999423,0.8629985919415832,0.0019331780795420314,43.9601983601772
4244.399999994221,0.8609419003453618,0.0020778779967090457,44.144081244061006
4244.799999994211,0.8586180243521017,0.002300200594540951,44.602074735849335
4245.199999994202,0.8576937530371539,0.002359841472559982,44.61491160981158
4245.599999994192,0.8546033265419497,0.0022341213230053962,44.40357652035999
4245.999999994183,0.8533350995561257,0.0018641507683279954,43.90302153448068
4246.399999994173,0.8531729859630992,0.0017218290431476406,43.74174344312347
4246.799999994164,0.8519136361332627,0.0016068198666203822,43.62427993927823
4247.1999999941545,0.850066082282637,0.001523893502237996,43.52711441779627
4247.599999994145,0.8493919203821163,0.0014003030910197634,43.477797533549946
4247.999999994136,0.8498493290779775,0.0013279340402382878,43.32512541319523
4248.399999994126,0.8498156491049484,0.0012932119813634235,43.13532299887299
4248.799999994117,0.8484381914528476,0.0011967849438497546,42.99872526415066
4249.199999994107,0.8494032853101791,0.0011853069956593637,42.99239812099979
4249.599999994098,0.8511188669573688,0.0012100866113273442,42.91765491025242
4249.999999994088,0.8524656923182498,0.0013158181482113567,42.99470776938558
4250.399999994079,0.853236691149414,0.001541117615448817,43.21268124268907
4250.799999994069,0.8548092169286251,0.0018035149668369065,43.44309588843677
4251.19999999406,0.8562093037499343,0.0021347377118560574,43.77588325236802
4251.59999999405,0.8565773301462093,0.002254692638756111,43.99847180642617
4251.999999994041,0.8543894465133388,0.002357356800513512,44.27565249025416
4252.3999999940315,0.8535605960876547,0.0024390554852937547,44.54619062027264
