t,u,tke,sdr
4000.0,1.0901344867136435,0.030745106520578946,41.42880739018323
4000.3999999999905,0.9999999904664342,0.030662983125115492,41.34760064299358
4000.799999999981,0.9999998442744865,0.030492600505817324,41.325378731257665
4001.1999999999716,1.0000002071490783,0.03035658255747419,41.309300659318424
4001.599999999962,1.0000003536734894,0.030230611079381582,41.297433153981785
4001.9999999999527,1.0000003141161142,0.030112558008389138,41.288088233672376
4002.3999999999432,1.0000002036734674,0.030003977681336804,41.280450460193364
4002.799999999934,1.0000000863058283,0.029906348552636897,41.274285318627484
4003.1999999999243,0.9999999863276641,0.02981958988923518,41.2694140461489
4003.599999999915,0.9999999125301341,0.029742992349321876,41.265642962733885
4003.9999999999054,0.9999998676702948,0.029675754125044102,41.26277373252914
4004.399999999896,0.9999998504733263,0.02961711475746865,41.26063834669847
4004.7999999998865,0.9999998540224009,0.02956614148182777,41.259091899192285
4005.199999999877,0.9999998723830366,0.029521408655061,41.258010998629736
4005.5999999998676,0.9999999038533303,0.029480774714630373,41.25728538757852
4005.999999999858,0.9999999479332389,0.029441216906513044,41.25681286365542
4006.3999999998487,1.0000000047773687,0.029398707258552727,41.25648325346964
4006.799999999839,1.0000000731710699,0.029348056772870775,41.25616818100001
4007.1999999998297,1.0000001447316236,0.029282795299682883,41.25570481219521
4007.5999999998203,1.0000001913180154,0.02919502411336173,41.254889924743736
4007.999999999811,1.0000001602536717,0.02907501751775776,41.25351631274345
4008.3999999998014,1.00000001018475,0.028910803596178224,41.25143265000673
4008.799999999792,0.999999746913048,0.028688907631996528,41.248604137416116
4009.1999999997824,0.9999993939811995,0.02839739282583772,41.24518201556048
4009.599999999773,0.9999989752002856,0.028030555884166995,41.24157960752803
4009.9999999997635,0.9999985073380042,0.027591863990371206,41.23842585193299
4010.399999999754,0.9999980194449031,0.02709399891771442,41.2363932871286
4010.7999999997446,0.9999975489787485,0.026556153071630232,41.23600709061584
4011.199999999735,0.9999971372772525,0.025998460763849533,41.23743274197626
4011.5999999997257,0.9999968127327221,0.02543293199571206,41.24011954219534
4011.9999999997162,0.9999965864399892,0.024851569749741335,41.24263316115762
4012.399999999707,0.9999964351712616,0.0242194883761906,41.24304616566595
4012.7999999996973,0.9999962739687321,0.02348072819218458,41.239804598187845
4013.199999999688,0.9999959955099961,0.022583688711473322,41.23171238855917
4013.5999999996784,0.9999955497426674,0.02151491873160722,41.21804050838138
4013.999999999669,0.9999949580704791,0.020315952452122296,41.19828407626166
4014.3999999996595,0.9999944527311387,0.019080167116402518,41.17205338984366
4014.79999999965,0.9999945404090951,0.01792032014493011,41.14013827471548
4015.1999999996406,0.9999957906854242,0.016924393739464895,41.10551629085017
4015.599999999631,0.9999979821595877,0.016139209757518893,41.07330578373171
4015.9999999996217,0.999999519172441,0.015575819557659267,41.04780867309644
4016.399999999612,0.9999980331843853,0.015211002301444888,41.02964920200436
4016.7999999996027,0.9999939041034318,0.014990908565167249,41.01726951615011
4017.1999999995933,0.9999915355535198,0.014889258675567807,41.012203962204566
4017.599999999584,0.9999934404579685,0.014957350268332975,41.02004582470727
4017.9999999995744,0.999995371581151,0.01541486927934599,41.04831697595257
4018.399999999565,0.9999985035210228,0.01636786234745026,41.0982550099964
4018.7999999995554,1.0000102191894753,0.017646854995938682,41.178465516666975
4019.199999999546,1.0000230152226162,0.018946416081030724,41.29502277481668
4019.5999999995365,1.0000203876690883,0.019958367545823547,41.419361523829295
4019.999999999527,1.0000139615233385,0.020440805756464182,41.467487956898474
4020.3999999995176,1.0000084226730088,0.020480988147278233,41.45564127747049
4020.799999999508,1.0000041002433422,0.020257499768216426,41.43756394467538
4021.1999999994987,1.0000008851544653,0.01989211875767262,41.41656561436128
4021.5999999994892,0.999998562094341,0.019453125939448743,41.396011367379025
4021.9999999994798,0.9999968478679832,0.01898007858826937,41.376227340499966
4022.3999999994703,0.9999953421091006,0.018496840928709322,41.357307815092696
4022.799999999461,0.999993830694623,0.018019229857726596,41.339756906898614
4023.1999999994514,0.9999923918424097,0.017559899868879087,41.32410165705248
4023.599999999442,0.9999911234629356,0.017130554117212014,41.310773023550624
4023.9999999994325,0.9999900081527212,0.01674295597902784,41.299944523327866
4024.399999999423,0.9999889468317628,0.016409515582249325,41.2915696706293
4024.7999999994136,0.9999878327877973,0.01614332117380961,41.28560150596801
4025.199999999404,0.9999866038537749,0.015956960824140054,41.281951360332066
4025.5999999993946,0.9999852344634962,0.01586153196514651,41.28059682010212
4025.999999999385,0.999983760070585,0.015864010611112644,41.28150492554651
4026.3999999993757,0.9999822982270595,0.01596511632809602,41.284491130715324
4026.7999999993663,0.9999810645615886,0.016158835493479056,41.28928436253155
4027.199999999357,0.9999803581962361,0.01643568019596949,41.295982848718076
4027.5999999993473,0.9999804993745468,0.016790376754225247,41.305543005095515
4027.999999999338,0.9999818631938729,0.01721626248096439,41.320001222131566
4028.3999999993284,0.999984935412071,0.017646857423630553,41.34005733149474
4028.799999999319,0.9999900096853441,0.017881817870274607,41.361249066607606
4029.1999999993095,0.9999969055394851,0.017636565837677944,41.375777211292466
4029.5999999993,1.000004827529259,0.016716361452365117,41.37957861622666
4029.9999999992906,1.0000129619537506,0.015133459390019482,41.37136109235459
4030.399999999281,1.0000207334134934,0.013159874997792547,41.34389309512441
4030.7999999992717,1.0000281719081034,0.01124261700221644,41.28702514680338
4031.199999999262,1.0000371285190712,0.009783272388206128,41.208706889052834
4031.5999999992528,1.000045769894842,0.008902324282103212,41.13821423154881
4031.9999999992433,1.0000485148504927,0.008423168438849778,41.087577932545734
4032.399999999234,1.0000454033548853,0.008136910154247834,41.04587306295209
4032.7999999992244,1.0000400479862976,0.007937734729360367,41.00343272674267
4033.199999999215,1.00003483717017,0.007788887904262423,40.96064394202534
4033.5999999992055,1.0000314355841733,0.007666718977371809,40.92112959880636
4033.999999999196,1.000032809965782,0.007561692060132484,40.89132275844837
4034.3999999991865,1.0000416359992879,0.0074967416253296035,40.881282385682375
4034.799999999177,1.000057787842126,0.007493804514651783,40.89373933519352
4035.1999999991676,1.00007989163972,0.007544636416361149,40.91969246558607
4035.599999999158,1.0001032117773747,0.007639025098383318,40.945974376115096
4035.9999999991487,1.000119024716637,0.007778800063099987,40.967190293835806
4036.3999999991393,1.0001192998983823,0.007960942515802504,40.98611166838609
4036.79999999913,1.000104228844394,0.008164679289538077,41.00686508647636
4037.1999999991203,1.0000822655404702,0.00836398822579923,41.03599193425125
4037.599999999111,1.0000611520885454,0.008534870554414894,41.07962575997193
4037.9999999991014,1.0000455679526958,0.00863884624101346,41.13840050156702
4038.399999999092,1.0000372390452656,0.00862797957612695,41.20210280132274
4038.7999999990825,1.000034987418311,0.008481010558740834,41.259355004794564
4039.199999999073,1.0000360202243068,0.008201409615238379,41.30644651663948
4039.5999999990636,1.000037887594211,0.00782329097335558,41.344835653412964
4039.999999999054,1.0000394551350775,0.0074113897838194885,41.37521762663919
4040.3999999990447,1.0000408330012953,0.0070471218989009024,41.39452000545274
4040.799999999035,1.0000427573639896,0.00679987805172308,41.39960164267466
4041.1999999990257,1.0000462587481735,0.00667874333516254,41.389793779026526
4041.5999999990163,1.0000523745938168,0.006637852378287329,41.365379553726854
4041.999999999007,1.0000627095678785,0.006621805936104682,41.325027281474306
4042.3999999989974,1.0000807239864309,0.006579413784909676,41.26604299939072
4042.799999998988,1.0001139745911705,0.006476031369237666,41.189521540120126
4043.1999999989785,1.0001725760674907,0.006316601197558414,41.111426936937555
4043.599999998969,1.0002578231787398,0.006155097072999316,41.061057182192314
4043.9999999989595,1.0003566443213252,0.00603385218837082,41.05112833318873
4044.39999999895,1.0004494107918613,0.005947746857577655,41.071398976521785
4044.7999999989406,1.0005136224605833,0.005875904616750369,41.104275303604226
4045.199999998931,1.0005219209274374,0.005814250022348978,41.13487098944765
4045.5999999989217,1.0004451901918374,0.005780833339179022,41.1584934530867
4045.9999999989122,1.0002699078879016,0.0057786856878826445,41.18128192162261
4046.399999998903,1.0000138323056067,0.005759455286569568,41.208208945117015
4046.7999999988933,0.9997071579125218,0.00565686490037312,41.23259274553889
4047.199999998884,0.9993811912892737,0.005473989671453436,41.237881989554246
4047.5999999988744,0.9990664390924388,0.005304651999200088,41.22798211487541
4047.999999998865,0.9987724644237971,0.005227078499214243,41.23841395876431
4048.3999999988555,0.9984965268903863,0.0052075082869599675,41.28318216780377
4048.799999998846,0.998279487605786,0.005123076353267255,41.32914576215422
4049.1999999988366,0.9981912683449661,0.004883454884716485,41.35125991105199
4049.599999998827,0.9982983633490163,0.004580237809589768,41.40163619351547
4049.9999999988177,0.9984833485192277,0.004493741387273457,41.598995861434425
4050.399999998808,0.998858867238044,0.004535497251351551,41.886504393119665
4050.7999999987987,0.9997276880582951,0.004661069599337809,42.11222889678012
4051.1999999987893,1.0008739088782723,0.004799405401467809,42.284102150859106
4051.59999999878,1.0016931987880393,0.004868218554833251,42.40558609917969
4051.9999999987704,1.0017237793092055,0.004830421774100522,42.345072991885345
4052.399999998761,1.0011523161929432,0.004726071301552903,42.36911758156525
4052.7999999987514,1.0006103960693524,0.004561147231670974,42.34485902320694
4053.199999998742,1.0004156372222976,0.004403285837942944,42.15601352461693
4053.5999999987325,1.0005216386939921,0.004382547479883279,42.14355272543419
4053.999999998723,1.0006362779805915,0.004389879452159797,42.19282301848578
4054.3999999987136,1.000455385134397,0.004331771437963769,42.29086665173571
4054.799999998704,0.9990059417469,0.00418600396260179,42.2307264731668
4055.1999999986947,0.9962641462622563,0.004071947826870125,42.19743103746581
4055.5999999986852,0.9956326659976062,0.003978818633374145,42.13556554714485
4055.999999998676,0.9972043256453257,0.003933870782017046,42.04008098107412
4056.3999999986663,0.9979748147993983,0.0040058081183660275,42.159550384081165
4056.799999998657,0.9995679866627573,0.0039878469520191135,41.963973550282404
4057.1999999986474,1.00060048621346,0.004018678430554615,41.81830928018243
4057.599999998638,1.0006067393838032,0.004132657577004466,41.82132237164424
4057.9999999986285,1.0000480381844092,0.004307019011737805,41.84866079675272
4058.399999998619,0.999073189287069,0.0044955155990610875,41.83393250415775
4058.7999999986096,0.9975010610961003,0.00470279102112778,41.857099672785765
4059.1999999986,0.9969929774362962,0.004904364770633451,41.926154418108396
4059.5999999985906,0.9989336004307181,0.005040640280321402,42.018967384524274
4059.999999998581,1.0000819937712422,0.004823295999273921,42.22709292261431
4060.3999999985717,0.9999727763623668,0.0044514952400764776,42.39497729314944
4060.7999999985623,0.9993995792447944,0.004313468370618767,42.30883430589326
4061.199999998553,0.998041432214974,0.004218642749790968,42.31009640710296
4061.5999999985434,0.9967690987731346,0.004153671937291162,42.47736318519038
4061.999999998534,0.9984858750685874,0.004162396126608346,42.650338229740996
4062.3999999985244,0.9986793067172879,0.004320220547309148,42.98928876490843
4062.799999998515,0.9980861410764252,0.004453957400613849,43.29111809000983
4063.1999999985055,0.9979761269325261,0.004393027348363656,43.39548134740354
4063.599999998496,0.9977346362046497,0.0041045432265501445,43.481582094588276
4063.9999999984866,0.9973544834762084,0.003984155956057396,43.79237955255101
4064.399999998477,0.9968029915982568,0.00400775241740067,44.438374141792146
4064.7999999984677,0.9964735112117942,0.0039904042689891455,44.93334305928014
4065.199999998458,0.9964934032237603,0.0035014009444204915,44.611670795619524
4065.5999999984488,0.9980162538702576,0.003247852696394151,43.96408895520753
4065.9999999984393,0.9983380796013424,0.003461401784481201,43.633776123926694
4066.39999999843,0.9997781739644013,0.0037037268754861637,43.50136609513878
4066.7999999984204,1.000796735044509,0.0038700878963054274,43.54236660855019
4067.199999998411,1.0013112251580538,0.0039153633248537115,43.44259037411298
4067.5999999984015,1.001522744733208,0.003978800761455097,43.058764470287166
4067.999999998392,1.0017452631084403,0.004055003288373601,42.89873520658129
4068.3999999983826,1.0020541686949687,0.004302157875885615,43.447657139734204
4068.799999998373,1.0035856575077744,0.0044890914909823856,43.96839778529664
4069.1999999983636,1.004997954324958,0.0044982320588828955,44.523415133250126
4069.599999998354,1.0051269281310198,0.00423336647345028,44.383174372404085
4069.9999999983447,1.0050378276261047,0.004042947616344478,44.229333867113134
4070.3999999983353,1.0061966372975895,0.004373022667049761,44.64576865419033
4070.799999998326,1.005450443594692,0.004408667041469535,44.858149531337986
4071.1999999983163,1.002548782489483,0.004063881795641952,44.38167345145959
4071.599999998307,1.0005681163252922,0.003955336611106636,43.88264058324192
4071.9999999982974,1.0000162088904359,0.0035617825907060608,43.4657050761919
4072.399999998288,0.9990985921189857,0.0029583792054550576,43.44311806388973
4072.7999999982785,0.9988401671013869,0.002890405925850581,43.70945266381151
4073.199999998269,1.0002467697814397,0.003202170005354616,44.33743277712784
4073.5999999982596,1.000984097783174,0.003114931458348827,44.37785782598714
4073.99999999825,1.0011592456450429,0.0029763958602706895,44.36016755995619
4074.3999999982407,1.0006077749682523,0.0030422173451439016,44.44213720410879
4074.799999998231,0.9993689802408806,0.003082830750377964,44.50700771147405
4075.1999999982218,0.9972742516301072,0.0030484037688362515,44.378725008420325
4075.5999999982123,0.9958155446111556,0.0028569723046527034,44.09894838393277
4075.999999998203,0.9940066323874039,0.002747912171520959,43.87501741049004
4076.3999999981934,0.9934934904957015,0.0028057062198387768,43.61235743967755
4076.799999998184,0.99503985068662,0.0031485706446155743,43.78618992807731
4077.1999999981745,0.9985675330709934,0.003596075156556403,44.03495712196671
4077.599999998165,1.0000295043664769,0.004046700288887214,43.93577344211186
4077.9999999981555,0.9995671100349759,0.004271818934964672,44.25860488882445
4078.399999998146,0.9981303118331277,0.0039040821740213266,44.392458057473654
4078.7999999981366,0.9997945615615705,0.0034340210770529085,44.2267412311503
4079.199999998127,1.0001381209422364,0.0031272008448268345,44.02563141869353
4079.5999999981177,0.998888179310136,0.0031394868599344725,43.97148377517482
4079.9999999981083,0.9978397359509396,0.0028283076636156372,44.1816606428728
4080.399999998099,0.9980110303188553,0.0023905602903457513,44.03074243046757
4080.7999999980893,0.9981062281511788,0.0023732918791975334,44.08312841145009
4081.19999999808,0.9993733451697646,0.0021961719825762983,44.311723458625586
4081.5999999980704,0.9990341822442013,0.002074134183408741,44.13186003227454
4081.999999998061,0.9976563415227803,0.0021465662151361857,44.00992526496583
4082.3999999980515,0.997827700917365,0.0021364934098457166,43.9878264285731
4082.799999998042,0.9993145410147405,0.0021693464813907428,44.09021890511404
4083.1999999980326,0.9989788376933025,0.002342177572264126,44.40720047991512
4083.599999998023,0.9979217343371963,0.002370290111979882,44.435681318243795
4083.9999999980137,0.9972123209202546,0.0026704443899202646,44.7604815679043
4084.399999998004,0.99667998645283,0.0027299599639329913,44.63304374220448
4084.7999999979947,0.9963808948474399,0.0024622428819646098,44.24305225886817
4085.1999999979853,0.9951476786661271,0.002311966858544688,44.081018366500366
4085.599999997976,0.9965186617678119,0.00234236569907181,44.330072084161436
4085.9999999979664,0.9968263516612414,0.002431669437142706,44.27543464935355
4086.399999997957,0.9960461669430963,0.0025569874019560805,44.18545738986152
4086.7999999979475,0.9951222295955325,0.002681040039189299,44.81951888405352
4087.199999997938,0.9951611466958663,0.0025818469830952064,44.622244059214395
4087.5999999979285,0.9960807572732545,0.002435952250389049,44.41396695624695
4087.999999997919,0.9962097321904624,0.0022076584261597784,44.369577492903346
4088.3999999979096,0.9956185583729052,0.0021007506170115397,44.411530734776164
4088.7999999979,0.9948720022594434,0.0020662805306290314,44.29596975111464
4089.1999999978907,0.9948485158366976,0.0020069270888704925,44.1324931205722
4089.5999999978812,0.9947107156956787,0.0019641397077248446,44.15558128653111
4089.999999997872,0.9948477464715618,0.002023483717331954,44.1245658458014
4090.3999999978623,0.9947344543674174,0.001884069324313368,44.05037694795118
4090.799999997853,0.9946841564381493,0.0017949655199529333,43.81586010400089
4091.1999999978434,0.99558611398159,0.001821688779228241,43.71797451084273
4091.599999997834,0.9973129023993861,0.0021054760769537526,44.20867777704547
4091.9999999978245,1.0001891506027358,0.002581887697614536,45.027005614740624
4092.399999997815,1.001433506180528,0.0019421133678474262,44.2575245727358
4092.7999999978056,1.0009492851966215,0.0018038720038198038,44.237960249398064
4093.199999997796,1.0003539709750977,0.001882272945015001,44.23664841855223
4093.5999999977867,0.9996345310930769,0.001605093022238491,43.745569915617544
4093.999999997777,0.9982574463470396,0.0016929171976216338,43.64386037320717
4094.3999999977677,0.9974370113085184,0.001989481647055071,44.17047551121517
4094.7999999977583,0.9961052086907735,0.0021065756474495986,44.45093001696487
4095.199999997749,0.9951607247205005,0.001931210119510076,44.248424640860854
4095.5999999977394,0.996000423746766,0.0018351756295115643,43.9539019615396
4095.99999999773,0.9966877806840221,0.0021134538135616997,43.97819142679313
4096.39999999772,0.9977870486774787,0.0021678016564587103,44.074581694809105
4096.799999997711,0.9973330823887829,0.002116168398286339,44.12079749786766
4097.1999999977015,0.997062960465057,0.00243947670701666,44.3031479124664
4097.599999997692,0.9972310115322042,0.0026033760265488435,44.58138070084286
4097.999999997683,0.9977115820834441,0.002763592772878878,45.181004674042654
4098.399999997673,0.9982398724887029,0.0027711272885844905,45.234053112092596
4098.799999997664,0.9977814788425104,0.0024450615864507756,44.7145684643575
4099.199999997654,0.9968401815808269,0.0020617918543443556,44.393565468582075
4099.599999997645,0.9960420587664619,0.001796696300049345,43.95689859343372
4099.999999997635,0.9954561373732428,0.0017387905458876815,43.929891179012635
4100.399999997626,0.9953335135274625,0.0018696988195199705,44.29894281206438
4100.799999997616,0.9954767907793545,0.002077292771554162,44.60186898665405
4101.199999997607,0.9956552702893906,0.002336914833834355,45.02128047707572
4101.5999999975975,0.9949264207005091,0.0020995087773821295,44.35878828180594
4101.999999997588,0.9944699597417137,0.0019945945545326153,44.26425277864301
4102.399999997579,0.9956646463875498,0.0017936398843941513,44.16323647718593
4102.799999997569,0.9970876928475211,0.0015813709349771924,43.91246549433285
4103.19999999756,0.9977736159296297,0.0014680277778060832,43.91535125414829
4103.59999999755,0.9985006716468693,0.0013954851050396696,43.823449986153626
4103.999999997541,0.9984278243150845,0.0012085390458070593,43.43221478536628
4104.399999997531,0.9975832212918894,0.0011531909984176963,43.28514270842263
4104.799999997522,0.9974835413356914,0.0011696455253498927,43.31006951605365
4105.199999997512,0.9974635678398963,0.0012613403273877815,43.40984280498686
4105.599999997503,0.9978447906582008,0.0014143592551963166,43.568931012811326
4105.999999997493,0.9978127164186402,0.0014575579900240564,43.504822807780535
4106.399999997484,0.9972084249631257,0.0015305596480335631,43.60448107199304
4106.7999999974745,0.997863194960187,0.0016345733192194784,43.73630734067042
4107.199999997465,0.9995957412613168,0.0017220605560790715,43.75452309820172
4107.599999997456,0.9995290492600517,0.0018212167768259897,43.8530564505193
4107.999999997446,0.9998606406281696,0.0020055858424674546,44.15054654640465
4108.399999997437,0.9993403911576094,0.0020952074431200853,44.33556374412173
4108.799999997427,0.9998107160054753,0.0022600123463448374,44.4436678677452
4109.199999997418,1.0003371925798303,0.0024552570369898957,44.36357434159681
4109.599999997408,1.0018623366228876,0.0026657934408693723,44.60630478182971
4109.999999997399,1.0035234766447798,0.0028397462114777713,44.80015306721685
4110.399999997389,1.003167712843433,0.0026187013852707755,44.552867299330835
4110.79999999738,1.002326961610278,0.0024235044300289638,44.52772245779038
4111.1999999973705,1.0021768254007384,0.002329724478321218,44.58737134379706
4111.599999997361,1.0023958377812752,0.0025068133295713733,44.75785596931839
4111.999999997352,0.9995898532081683,0.00245807824872843,44.86227261273014
4112.399999997342,0.9977998684128147,0.0022529820309375127,44.88149760587739
4112.799999997333,0.9988604931539516,0.002063617027920481,44.6890833294266
4113.199999997323,0.9999484781638459,0.002081494751535512,44.59342625234895
4113.599999997314,0.9983141808878184,0.002098783536191855,44.58147482393085
4113.999999997304,0.9972216566253963,0.0021033032786669016,44.46089109740226
4114.399999997295,0.9966311098320584,0.002195550811407445,44.48922063458439
4114.799999997285,0.9977171518617007,0.0018794218827511877,44.201137960841976
4115.199999997276,0.9993255560147862,0.0016591186890628,43.9765945158126
4115.599999997266,0.9997186521408556,0.0014466735055329212,43.58549420444905
4115.999999997257,0.9997124392386638,0.001420386897248272,43.47379075731481
4116.3999999972475,0.999564416981422,0.0015312477504509823,43.490890120849194
4116.799999997238,0.9999020985476612,0.0014130218208480737,43.47076692693263
4117.199999997229,1.0007627555832048,0.0012978835388520822,43.46513688242589
4117.599999997219,1.0008005855607927,0.001272750331373803,43.36939424745872
4117.99999999721,1.0003091568417968,0.001353847729969069,43.2772684689719
4118.3999999972,0.9995304843988068,0.0015918476873314077,43.45294774257647
4118.799999997191,1.00098295695151,0.0018659394157280833,43.76216367472407
4119.199999997181,1.001400243384709,0.0019918629725227456,44.02841557775252
4119.599999997172,1.0006672832472323,0.0020622760717170373,44.20619561389009
4119.999999997162,0.9998747604957876,0.0020616755861174465,44.37210982893661
4120.399999997153,1.0002044680172004,0.001991375919944673,44.18507111456449
4120.7999999971435,0.9999041432789446,0.0020482595639291002,44.133951999714554
4121.199999997134,0.9996008836184853,0.0020651454307830555,44.09251966542251
4121.5999999971245,0.9993450868474414,0.0022356064117247903,44.140725465703134
4121.999999997115,0.9986464264605222,0.002543356406744261,44.290329718526145
4122.399999997106,0.9979236928959921,0.0026114900237360758,44.482302301293366
4122.799999997096,0.998188102160654,0.0029162454054165216,44.79886568557144
4123.199999997087,0.9990193423077043,0.0027280703851865567,44.46697838768985
4123.599999997077,0.9989285543967049,0.0023803411091250686,44.088128521917284
4123.999999997068,0.9982838286796887,0.002004875505067986,43.97787478632954
4124.399999997058,0.9982629221665007,0.0020550693045092027,43.94325873377178
4124.799999997049,0.9999199060866423,0.002106742236958906,44.03667854270469
4125.199999997039,0.9996317089930764,0.0021065364146634715,44.10146674496073
4125.59999999703,0.9996951003565612,0.002333635033228382,44.47998118670856
4125.9999999970205,0.999356907484617,0.002728516879210733,44.88027044402708
4126.399999997011,0.998499114184746,0.0027456751585913063,44.82962614047023
4126.799999997002,0.9995936912983401,0.002527815973540906,44.58087383496604
4127.199999996992,0.9991171788494152,0.00223749176106831,44.36927382943237
4127.599999996983,1.0000377037324606,0.002037593336340895,44.17096834236894
4127.999999996973,1.001396012486121,0.002117960080784369,44.31118436629932
4128.399999996964,1.0013216267802216,0.002039914118668921,44.108876566774896
4128.799999996954,1.0003302451464224,0.001843478778870113,43.97307285357872
4129.199999996945,1.0000252552647966,0.0017807539031688539,43.97453486327213
4129.599999996935,0.9996857037311072,0.0018463540941275089,44.175136104975294
4129.999999996926,0.9992486596956903,0.0017637779331519713,44.34338355246575
4130.399999996916,0.9986429404511936,0.0016979060057855076,44.03947320845672
4130.799999996907,0.9977931155736013,0.0017835318590434955,44.09380933120832
4131.1999999968975,0.9979056645847036,0.0018805903632147967,44.18921176135792
4131.599999996888,0.9976161016436289,0.0017262563452319682,43.89538781566316
4131.999999996879,0.9978785037045436,0.001799649716866309,43.880705726331996
4132.399999996869,0.9981266650469455,0.0018863254870596226,43.956706329690924
4132.79999999686,0.9984278939494633,0.0019698578888229655,44.00167082620268
4133.19999999685,0.9983195907911082,0.0019481085804222654,43.935681778127254
4133.599999996841,0.9979404158400856,0.0019798103508668046,44.0193339349974
4133.999999996831,0.9973801488600198,0.0019257720841499332,44.01731815923267
4134.399999996822,0.9969401629210792,0.001956019199325504,44.13498065682568
4134.799999996812,0.9967240018531659,0.001885884594660236,44.174599997936404
4135.199999996803,0.9966485042324316,0.0018478027914575527,43.97052207412507
4135.5999999967935,0.9970072842548322,0.001755394933882412,43.69343463193456
4135.999999996784,0.9967005749860951,0.0018539581086650173,43.81765349457874
4136.399999996775,0.9965664459076623,0.002182602045518431,44.179629158374986
4136.799999996765,0.9962135289019961,0.0024157219107335,44.39998203328964
4137.199999996756,0.9963236784909171,0.0020797393162997153,44.085572621313396
4137.599999996746,0.9967662920670559,0.0017448755746980245,43.77732188874981
4137.999999996737,0.9987090837947049,0.001934742714107668,43.877519355406626
4138.399999996727,1.0014913027085668,0.002240632277908952,43.9121528097581
4138.799999996718,1.0021585343725368,0.002159344504191889,43.71725628200521
4139.199999996708,1.0016520974364576,0.002033360245065331,43.757881607619176
4139.599999996699,1.0016490718799251,0.002162742210257048,44.06614799391493
4139.999999996689,1.0025447354254369,0.0024782393187030177,44.35397815829755
4140.39999999668,1.0041758189034933,0.0028706463836561617,44.70622953551916
4140.7999999966705,1.0040589343488944,0.0024770960663142083,44.39955927206278
4141.199999996661,1.0026082680813502,0.0021473344507587015,44.02297266955685
4141.599999996652,1.0015707100100129,0.0019535746151789586,43.837571787415776
4141.999999996642,1.0014485863943479,0.0020416850011463423,43.850477220868044
4142.399999996633,1.00082729843203,0.002015043797979319,43.92032426853374
4142.799999996623,1.0010589620080383,0.002013898510332197,43.950451774779786
4143.199999996614,1.000294734823902,0.001962140576018437,43.87478524363838
4143.599999996604,0.9991452048768128,0.001776916715703807,43.65671984546642
4143.999999996595,1.0017900769509174,0.0018627491389506833,43.646538369659936
4144.399999996585,1.0026542681132367,0.0019750811981536533,43.84931853239764
4144.799999996576,1.0006546937237482,0.0019655110608240503,44.04547479349738
4145.1999999965665,0.9995777142243438,0.0018555250743215181,44.134938629787534
4145.599999996557,0.9978813232020521,0.0018408913403408045,44.038214505240504
4145.999999996548,0.9981777270527328,0.0019301508832337425,44.149756951905545
4146.399999996538,0.9984612367362435,0.0018782632070655793,44.12304262973728
4146.799999996529,0.9994066687794096,0.0017609873330525464,43.954342499970174
4147.199999996519,0.999239963314999,0.0016877092275668984,43.87238773448442
4147.59999999651,0.9999656490433743,0.001683292707559802,43.71374699053712
4147.9999999965,1.0011127240871684,0.0016735355556257514,43.52597749109012
4148.399999996491,1.0013225472116742,0.0014570072879209152,43.285309428689544
4148.799999996481,1.001965875842559,0.0015099845619593703,43.34855413731365
4149.199999996472,1.0022792590538718,0.0017348693222907442,43.55736229907638
4149.599999996462,1.004268497375602,0.002065904868802935,43.76459167970656
4149.999999996453,1.0041048918143722,0.002158437453444057,43.93208288672289
4150.3999999964435,1.0036146200639984,0.0020130057857421575,44.04260336758049
4150.799999996434,1.0016823994231567,0.0019648491637632086,44.05401708176195
4151.199999996425,1.0006479234280208,0.00198161875244071,44.13486062777048
4151.599999996415,1.0001026970666984,0.0020218730501946293,44.213729329129535
4151.999999996406,0.9999399957290375,0.002186255893356906,44.32685964395109
4152.399999996396,1.0001073878296085,0.0022068586629537296,44.10759168787004
4152.799999996387,1.0005865162277026,0.002069629884847693,43.95624338819431
4153.199999996377,0.9999162024341535,0.001967420346304287,44.03412646771347
4153.599999996368,1.0003554316937253,0.0020098964941424047,44.11497591570144
4153.999999996358,1.0000374617701748,0.0020434717144707125,44.12759142919654
4154.399999996349,0.9993843652767457,0.002354390704568783,44.417430310230586
4154.7999999963395,1.0002497519880464,0.002620298956536505,44.60817904959754
4155.19999999633,0.9998436082904095,0.0024307058498398548,44.30570271996467
4155.599999996321,0.9987153988991072,0.002329020022157026,44.2311153834494
4155.999999996311,0.9999418690219882,0.0023261650362998727,44.06642276697939
4156.399999996302,0.9997121795768993,0.002222621812316892,44.041499496598036
4156.799999996292,0.999247612303509,0.0018584826662754767,43.855241419298444
4157.199999996283,0.9989068829469233,0.0016668257894685147,43.62266900245589
4157.599999996273,0.9979929929181868,0.0016078900661695987,43.73685295158956
4157.999999996264,0.9980471231219761,0.0015558676509753035,43.74873357766335
4158.399999996254,0.99879533666228,0.0014414687262042682,43.59968033241339
4158.799999996245,0.9989770237825929,0.0014428723797584994,43.51834634265492
4159.199999996235,0.9993121182067913,0.0015717549900014945,43.648893161781665
4159.599999996226,0.9996078014249392,0.0016465835563936678,43.702893820879645
4159.9999999962165,0.9998875964223937,0.0016219542991220215,43.679574781439165
4160.399999996207,0.9996911057699,0.0017153765212513463,43.86476200108464
4160.799999996198,0.9987754426025142,0.0017552985042669138,43.928084612728895
4161.199999996188,0.9980509610320283,0.0018243325541102797,43.996548838299134
4161.599999996179,0.9991152040226793,0.002017969699495724,44.141356522908666
4161.999999996169,1.0002408187862533,0.0018162580632491532,43.92256674238176
4162.39999999616,1.0000350573521959,0.001728427367387749,43.696103108354514
4162.79999999615,0.9986015361507816,0.0018586746382471674,43.78916007009577
4163.199999996141,0.9991990038666562,0.002102123812434045,43.98122973683406
4163.599999996131,1.0020158798425,0.0021898988187146313,43.96138659301716
4163.999999996122,1.0034927122520232,0.0020829999298783855,44.085595920539525
4164.3999999961125,1.0037344486734905,0.002144900739298819,44.1773435991429
4164.799999996103,1.0039883244925973,0.0023024605948610637,44.364685889707914
4165.1999999960935,1.0032073293948558,0.002296433366702219,44.44679444042814
4165.599999996084,1.0015063397723205,0.00218120524369761,44.19907398684368
4165.999999996075,1.0003149693997238,0.0018869650816876779,43.90992810071356
4166.399999996065,1.0004491772673876,0.0018958135957202573,43.72769301125469
4166.799999996056,0.9999045341499019,0.001869129613287311,43.689489659309864
4167.199999996046,1.0004072772768242,0.0018111164495908285,43.69989770475135
4167.599999996037,1.0005748557664762,0.0016814820111672214,43.614154159815804
4167.999999996027,0.9993517797500071,0.0016102639997061358,43.48113272428266
4168.399999996018,0.998504465282944,0.001709315933688544,43.430288369520426
4168.799999996008,0.9986885514502511,0.0019147646864835675,43.56319569820572
4169.199999995999,1.000279734274665,0.0021006713606121375,43.772157617682524
4169.5999999959895,1.0014141468125706,0.001886580123841032,43.94247041009219
4169.99999999598,1.0004886094784171,0.001781466666746395,43.81563503064824
4170.399999995971,0.9991239498830939,0.0015963571941005669,43.66916090390756
4170.799999995961,0.9989357779635327,0.0014256850216589766,43.39334644144435
4171.199999995952,0.9990360005075114,0.001493923836949057,43.4160562203403
4171.599999995942,0.9990039294138345,0.0016121050423837878,43.520900051347326
4171.999999995933,0.9995509929330999,0.0017926580141339153,43.57052081030337
4172.399999995923,0.998894508212878,0.0018267190742059867,43.54380150201703
4172.799999995914,0.9992435998785155,0.001725142108622452,43.59517685056575
4173.199999995904,0.9997185117427584,0.0017630064553717905,43.92622391068025
4173.599999995895,0.999892239637879,0.0018156194582148433,44.11034686208308
4173.999999995885,0.9981050835885861,0.0018346428662125802,44.081311898210735
4174.399999995876,0.9978094401763377,0.0018910812275953256,44.08866134627158
4174.7999999958665,0.998448053391815,0.0019593428077043784,44.10005476390707
4175.199999995857,0.9989430206251819,0.0020133785521387186,44.240837046691645
4175.599999995848,0.9988784728248038,0.0021053560177697857,44.3304383259606
4175.999999995838,0.9983402515445553,0.0023705535057051814,44.511549561825554
4176.399999995829,0.996918378825973,0.002399484733039027,44.31670399089928
4176.799999995819,0.9966965734081736,0.002299419435769985,44.239635324623166
4177.19999999581,0.9972754184184099,0.002311869844027767,44.46124388816555
4177.5999999958,0.9984175290914759,0.0022110513440317474,44.45707589290004
4177.999999995791,0.9980786083037452,0.0021949270690689968,44.40093546628234
4178.399999995781,0.9996623486088533,0.002285878426142727,44.361822577840464
4178.799999995772,1.0001629999317982,0.00226613522967323,44.23057162648492
4179.1999999957625,0.9993462338081116,0.0019960133694361996,44.03304195213882
4179.599999995753,0.9984588875684389,0.0018609282510011183,43.980535746433304
4179.999999995744,0.9981827990944958,0.0017328008186784307,43.87421501773769
4180.399999995734,0.9978859854493054,0.0017787889053026134,43.91106232545142
4180.799999995725,0.9981282766682334,0.0017390771365638537,43.80841723065435
4181.199999995715,0.9985345716494816,0.0016280928440078307,43.77893965695617
4181.599999995706,0.9992075790011721,0.0015684268057805932,43.72479080841025
4181.999999995696,1.0001063394630314,0.0016034327178773545,43.68497167823105
4182.399999995687,1.0006746536385864,0.002037034002468154,43.9098423231651
4182.799999995677,0.9982096024771676,0.0021606524668724694,44.001432100032474
4183.199999995668,0.9974903211282313,0.0020164879767946282,44.031353220152546
4183.599999995658,0.9991839301499215,0.0018982190225690762,43.881798455306466
4183.999999995649,1.0005660627838633,0.0018083293461081413,43.8446431971891
4184.3999999956395,1.0012658046447664,0.0017852737450520337,43.83287766779973
4184.79999999563,1.0022208786456903,0.002134903456844636,44.07255953866665
4185.199999995621,1.0010662970592004,0.002372021431715942,44.386610768721
4185.599999995611,0.9995979423565975,0.0023256927964291248,44.59698751568457
4185.999999995602,0.9990675013331535,0.0024145001273183924,44.66141695481969
4186.399999995592,0.9990582837301725,0.0023430761156962424,44.63837433201028
4186.799999995583,0.998703962346127,0.0020902940899795042,44.18717922670436
4187.199999995573,0.9973868868204105,0.0020747497044616694,43.970670496979125
4187.599999995564,0.9982482876359783,0.002288016408974613,44.31431501855165
4187.999999995554,0.9993359820404243,0.0022873137414918306,44.42557107137474
4188.399999995545,0.9986402628521661,0.0021630153045285993,44.25981307582063
4188.7999999955355,0.9982771138980309,0.0021995396551502894,44.00350843383469
4189.199999995526,1.0002918997184413,0.0018571048071635914,43.71143563354357
4189.599999995517,0.9992431497792318,0.001953091029885217,43.96554139289376
4189.999999995507,0.9994260422871739,0.0020491556828103412,44.06496098934848
4190.399999995498,0.9990025967336367,0.0017174756273532034,43.84478207067913
4190.799999995488,0.9992408435589839,0.0016926555941219913,43.84027222453074
4191.199999995479,1.0006143628081596,0.0017521170458490375,43.9091864171653
4191.599999995469,1.0018462817387481,0.0017088700878938115,43.81249078549643
4191.99999999546,1.001004224849222,0.0017291544025234936,43.79013035536488
4192.39999999545,0.9999247799551817,0.001969738734217409,43.98304185900938
4192.799999995441,0.9984170367242577,0.0020059803906047158,43.877901294987716
4193.199999995431,0.9981262115647713,0.0021323128246963185,43.776057462405795
4193.599999995422,0.9986588442971502,0.002345694068495928,44.01159794992318
4193.9999999954125,0.9987305085046025,0.0023552500766240102,44.12764501136353
4194.399999995403,0.9967154460253551,0.0027288726209759597,44.72754045561066
4194.799999995394,0.9970015641435337,0.002873287581262253,45.03637103847049
4195.199999995384,0.9982829775496637,0.002599708701672689,44.68870383766466
4195.599999995375,0.9997452159595697,0.002299545636150805,44.38826977333063
4195.999999995365,1.0015463802696296,0.002669652890260941,44.964862547862225
4196.399999995356,1.001450846181189,0.0027750742683179197,44.890746037103774
4196.799999995346,1.002041938540482,0.0026556761941211684,44.92356279001952
4197.199999995337,1.003200823438783,0.002687343173992899,44.9414368738155
4197.599999995327,1.000874155107885,0.00246007690365465,44.56530558881938
4197.999999995318,0.9990890979287753,0.0018749848272785286,43.93089809684
4198.3999999953085,0.9978157357962868,0.0016166271005211735,43.62718011478765
4198.799999995299,0.9978873551542344,0.0014927199367869672,43.447278369263955
4199.1999999952895,0.9980865891378143,0.001765301663870761,43.72531645151007
4199.59999999528,0.9974016687790277,0.0018866136957631236,43.92273706557543
4199.999999995271,0.9986565980032935,0.0019676168085892482,44.084403771785816
4200.399999995261,0.999561541271266,0.002178340750564286,44.67462278985826
4200.799999995252,1.0003237062976227,0.0020437150594988032,44.253976855882854
4201.199999995242,1.0006738345567987,0.0018271635823556142,43.96896075595141
4201.599999995233,0.99896714252767,0.0015779477409108304,43.90051159474801
4201.999999995223,0.9981277744984458,0.0016482025910337084,43.994205697794854
4202.399999995214,0.9976455316056098,0.0019941774003680124,44.29573097455448
4202.799999995204,0.9973083509389985,0.0021498830899781382,44.49149489998233
4203.199999995195,0.9965628945005546,0.0019491458705768966,44.23733736279058
4203.5999999951855,0.9960956575422198,0.0017417368470057412,43.944796228846656
4203.999999995176,0.9964047162917399,0.001708601428396952,43.865928380560405
4204.399999995167,0.9973971127160267,0.0017741021834584748,43.83759295911316
4204.799999995157,0.9987811848301394,0.0018082083151412423,43.87717982290468
4205.199999995148,1.000222992961411,0.0018154463577163876,43.896924981480716
4205.599999995138,1.0008703774332157,0.002049228172161321,44.00084239729836
4205.999999995129,0.9993416743210105,0.002526626418488355,44.28962784391151
4206.399999995119,0.9990083383669363,0.0022545154277955003,43.9052114403717
4206.79999999511,0.9995963575278484,0.002180756797349045,43.95116323400349
4207.1999999951,1.0001548684356976,0.0021279754490666812,44.0807508127549
4207.599999995091,1.000699816309579,0.0020782251771884587,44.26593026574175
4207.999999995081,1.0018169410560114,0.0021768150734586466,44.52439065992919
4208.399999995072,1.0025701088749772,0.0021073302422998687,44.505062435727915
4208.7999999950625,1.0006656345367366,0.0017694638938260342,44.091531904275094
4209.199999995053,0.9991610405361541,0.0017609083927713376,44.015021002321916
4209.599999995044,1.0000346792646573,0.0016147018765636074,43.84167194690306
4209.999999995034,0.9997284595423427,0.0013077134428838093,43.44524353552022
4210.399999995025,0.999541144587032,0.0013176416567254586,43.46619119714149
4210.799999995015,0.9986413102124465,0.0013994184444745476,43.56961166884812
4211.199999995006,0.9990223922019621,0.0014300120872354455,43.60915624695308
4211.599999994996,0.9995894945436556,0.0014962433836436678,43.72293882780987
4211.999999994987,0.9986782398380472,0.0013596661996004642,43.446171347354124
4212.399999994977,0.9986531517013799,0.0013161780548927857,43.42369895501155
4212.799999994968,0.9992193425956063,0.0013218935681630342,43.34345229633339
4213.1999999949585,1.0001318880251957,0.0014040841479553018,43.35821675482256
4213.599999994949,1.0006794814063513,0.0013758711227755832,43.442748054283385
4213.99999999494,1.0004981086975968,0.0014166582003441116,43.517298447036886
4214.39999999493,1.000416269964148,0.0015371076518233598,43.516841923599166
4214.799999994921,1.0013896753048497,0.0018406542076420227,43.708802753468376
4215.199999994911,1.0028155309959867,0.002039799335136093,43.745243783021785
4215.599999994902,1.000577726680531,0.002107868649128558,43.648629323367174
4215.999999994892,0.9993917957796837,0.002137578749913876,43.64775254416587
4216.399999994883,1.000130975824697,0.002202945154637545,43.759196473501376
4216.799999994873,0.9993145188539284,0.002194631112841967,43.918164935142634
4217.199999994864,0.9975870894091329,0.0023874674217039377,44.14434694194337
4217.599999994854,0.9989007925012664,0.0026821625965101946,44.48752614867637
4217.999999994845,0.9998949077623078,0.0026750898316481504,44.43692801467782
4218.3999999948355,0.9990149134359222,0.002521589838311787,44.38549585068255
4218.799999994826,0.9977738961637579,0.0022890593816252878,44.235723626113426
4219.199999994817,0.9983023328212484,0.0022513026121575496,44.24173795791243
4219.599999994807,0.9975420671487225,0.002548336564684431,44.688713210014804
4219.999999994798,0.9974836969744795,0.003124494094837575,45.34802892611013
4220.399999994788,0.9999433399513399,0.0022303298934960715,44.415634464034945
4220.799999994779,1.0002643457731513,0.001833303650924618,44.08867314739512
4221.199999994769,1.0011068077723184,0.002067756569006096,44.14396047397551
4221.59999999476,1.0015213170059356,0.001963894519834376,44.034841553415895
4221.99999999475,0.9995616197574995,0.0017143843039304349,43.67809318048988
4222.399999994741,0.9986054401543419,0.0015859269810492385,43.54183855256698
4222.7999999947315,0.998442695928758,0.0014782233285595041,43.457939772695305
4223.199999994722,0.9992541212342003,0.0013843783418227944,43.4379039220406
4223.599999994713,0.9992524096482414,0.0014547047606562151,43.489240387546744
4223.999999994703,0.999567456641375,0.0014786323305324147,43.56031551255781
4224.399999994694,0.9997914367503752,0.0013747434418186072,43.51461635931403
4224.799999994684,0.9991622157751521,0.0013592564689011326,43.65289102453348
4225.199999994675,0.9988637785141854,0.0014838445334792304,43.91250550464176
4225.599999994665,0.9993336118077022,0.0016628429748188646,44.04064367941888
4225.999999994656,1.0004479426266175,0.0016003899028832448,43.90385483984943
4226.399999994646,1.0004413167265687,0.0016028231490434561,43.83141461486173
4226.799999994637,0.9994792233893207,0.001608931234498108,43.84647782616298
4227.199999994627,0.9992278608360915,0.0017086864438510573,43.89145665121039
4227.599999994618,0.9994486153244114,0.0018772694710429297,43.825221607762764
4227.9999999946085,1.000400403736379,0.002445237679435603,44.16432977511114
4228.399999994599,1.0007080538486044,0.0030316119705257427,44.71274917009318
4228.79999999459,1.0002178206614998,0.002971052090730607,44.87882175029203
4229.19999999458,0.9992015173378774,0.0026583186624077547,44.66942502402719
4229.599999994571,0.9988328876075346,0.002100946852288718,44.06007548639141
4229.999999994561,0.9989430133741536,0.0021885765758484226,44.071945025630555
4230.399999994552,0.9987299060666227,0.0023867378275987073,44.23460541631373
4230.799999994542,0.9981420819367763,0.002317827429580406,44.29639716618652
4231.199999994533,0.9969254751898351,0.0018779982625768774,43.856365857036764
4231.599999994523,0.9956617698235639,0.0014500880519271837,43.43523689391151
4231.999999994514,0.9950911799317048,0.0014088410015333911,43.333424669849855
4232.3999999945045,0.9955432579175773,0.0014353228145064215,43.35342993117705
4232.799999994495,0.9960131713580326,0.0015465286952277457,43.49374845773482
4233.199999994486,0.9972250104277919,0.0017905439267399648,43.72017757293323
4233.599999994476,0.9988911561904062,0.0019931524261502047,43.89110304913297
4233.999999994467,0.9987059166503441,0.0021630324792864426,44.12107371007468
4234.399999994457,0.9988119656173235,0.0024478686454544986,44.5098715199005
4234.799999994448,0.9985613821142886,0.002280801111525781,44.32252890877204
4235.199999994438,0.9988071414218805,0.0018133940693769648,43.91495339839674
4235.599999994429,0.9978467201313206,0.00172887220520116,43.81439621778708
4235.999999994419,0.9977380863410367,0.0019708834287583727,44.1650348607687
4236.39999999441,0.9997509236085534,0.0019986404808881534,44.236142240305085
4236.7999999944,1.0007389751805857,0.0017489845941547305,44.01995150050756
4237.199999994391,1.001220551782247,0.001622221929223116,43.91338768707579
4237.5999999943815,1.0024061470576244,0.0017429720780340995,44.18125819618945
4237.999999994372,1.0029671038127284,0.0018886545262089397,44.26779475180217
4238.399999994363,1.0028974676864113,0.0018247386390480701,44.057867949130625
4238.799999994353,1.000401815169332,0.0016452071079394181,43.7274398493073
4239.199999994344,0.9987678794877602,0.0015491468701484851,43.494866553052766
4239.599999994334,0.9997878418442752,0.001509705801877275,43.44649939258293
4239.999999994325,0.9992737190335321,0.0015953923668714817,43.45507915381903
4240.399999994315,0.998891560111192,0.0018001750195640817,43.67229783599572
4240.799999994306,0.998780704425136,0.0020031646334280487,43.96277775765753
4241.199999994296,0.9992965094215784,0.001997180877142211,43.8707066771592
4241.599999994287,1.000058814959634,0.0018597282805531273,43.72724175413141
4241.9999999942775,0.999605987534275,0.0017990210360109727,43.75268021078184
4242.399999994268,0.9991938711234659,0.0017782431142544532,43.70879345465296
4242.7999999942585,0.9993167901287321,0.0017884878824804542,43.694794458907396
4243.199999994249,0.9991714182966108,0.0018682457673483556,43.74212943446317
4243.59999999424,0.9997113469074248,0.0021105462387126395,44.09492347020758
4243.99999999423,1.0009274008740618,0.002331169582713583,44.43053630877406
4244.399999994221,1.0009896062387598,0.0022403207286627483,44.56096499046257
4244.799999994211,0.9995114269332729,0.002120076573605005,44.26326690637269
4245.199999994202,0.9993451125864025,0.002024441473847524,44.16898200692697
4245.599999994192,1.0003556003837588,0.001904994280619244,44.05103769662775
4245.999999994183,1.00232976146811,0.0016276102667678303,43.73153751260204
4246.399999994173,1.0024943316374753,0.0016636934162083368,43.747225688821715
4246.799999994164,1.0012330349960707,0.0017225132950182676,43.759771020794695
4247.1999999941545,1.0008940369638313,0.0017647960088260674,43.88677180185894
4247.599999994145,1.00174033205025,0.001761110465190447,43.966590866167316
4247.999999994136,1.0018400997580823,0.0016210810672649505,43.79933595901013
4248.399999994126,1.0017874010058383,0.001572051156064727,43.70589101779273
4248.799999994117,1.0014625957326877,0.001546247891138505,43.518212751675286
4249.199999994107,1.0016241825148107,0.0014547564952996867,43.49139534638698
4249.599999994098,1.0014486789642056,0.0015694523420368787,43.57240316334645
4249.999999994088,1.0008057469359788,0.0016684205854355896,43.57564105403784
4250.399999994079,1.0008609785580114,0.0018538768998790929,43.569433731413746
4250.799999994069,1.0010576102358213,0.0019692750611540015,43.60911524773271
4251.19999999406,1.0015571260066702,0.002030085846293823,43.673313100739676
4251.59999999405,1.0030441267781967,0.002222576531750743,43.89927242194921
4251.999999994041,1.0029530898462362,0.002472103651563891,44.12095170862784
4252.3999999940315,1.0015396400172518,0.0026070944318220095,44.530801135951805
4252.799999994022,1.0012838132701825,0.0026233864712688426,44.61075161680109
4253.199999994013,1.0021717427262733,0.0023376474398610803,44.23860912601315
4253.599999994003,1.0021629893685111,0.0021169635327470035,43.92967312851681
4253.999999993994,1.001364069736586,0.002206274585718629,44.05424411303392
4254.399999993984,1.000813583183418,0.0023157293770421417,44.248285777556816
4254.799999993975,0.9999627662500076,0.0022566788865727118,44.17877671009777
4255.199999993965,0.999831695685492,0.002046796886199574,44.0879948114429
4255.599999993956,1.0009862579195823,0.00196593681389434,44.14930735126421
4255.999999993946,1.0029582552722283,0.002049476347939197,44.25136760097937
4256.399999993937,1.0034228888947765,0.0019285176287957833,44.120941354369336
4256.7999999939275,1.004031594703284,0.002075192134534475,44.41910823513149
4257.199999993918,1.0042663798391223,0.0022210005314476228,44.68275401056908
4257.599999993909,1.0043030194220948,0.0023668470228077176,44.98184126085015
4257.999999993899,1.0033753006137518,0.0023534169566140324,44.781883247993186
4258.39999999389,1.0013619517375474,0.0021771287283326936,44.390946240493456
4258.79999999388,0.9993656777208973,0.001882598557735453,44.00526441791902
4259.199999993871,0.9987111394767473,0.0016717463238458783,43.82553599987855
4259.599999993861,1.0002328780297984,0.0016636517123358142,43.79456435953407
4259.999999993852,1.0007403380279365,0.0015688317101641034,43.592714652679604
4260.399999993842,1.0014203664530748,0.0014834335322552986,43.50184920077021
4260.799999993833,1.0015750910955838,0.0016567224358070135,43.724072755058344
4261.199999993823,1.0006163028070125,0.0017826596938618853,44.04426969955433
4261.599999993814,1.0001797862025665,0.0016960455263412338,43.93626282158227
4261.9999999938045,1.0004820916618908,0.0017047633174454681,43.98055708450701
4262.399999993795,1.0006402494935445,0.0018081998621163613,44.1050062564987
4262.799999993786,1.0019106224052647,0.001865238192599784,44.16558843351958
4263.199999993776,1.0024920176565528,0.0018517354651022275,44.0582910775625
4263.599999993767,1.0026289603788012,0.0018799824624497138,43.88178947871584
4263.999999993757,1.0030516904470443,0.0018222057610648614,43.73226231501588
4264.399999993748,1.0031137605155702,0.002012768175491433,44.01502702139265
4264.799999993738,1.0027604499707614,0.0022422307060304724,44.295821707336266
4265.199999993729,1.0027633894718975,0.0021678696581598393,44.16237493233571
4265.599999993719,1.00436121713161,0.002319952448487577,44.313522818441754
4265.99999999371,1.0040016974220949,0.0021556620399335153,44.40739012675154
4266.3999999937005,1.0035002046989334,0.002072576210279616,44.37447963086106
4266.799999993691,1.0020253600632059,0.0019230124321838052,44.04673052344707
4267.199999993682,1.0010893545402915,0.001927228920128475,44.08622478673481
4267.599999993672,1.0002197547766931,0.0018170468428703199,44.09149915875916
4267.999999993663,0.9996634229722877,0.0017828897873231207,44.05798570284205
4268.399999993653,0.9993532136654021,0.0018821626301058602,44.09518103698621
4268.799999993644,0.9999186192178604,0.0017431354095176655,43.897518986916126
4269.199999993634,0.9999143284726586,0.00169423631479388,43.88485535083497
4269.599999993625,0.998765226014292,0.0017080467125330236,43.91400032675963
4269.999999993615,0.997878859939512,0.0016450346948739484,43.753417844547265
4270.399999993606,0.9985432094495829,0.0016983078915921515,43.67340985352129
4270.799999993596,0.9993668121387309,0.0017473724054510448,43.74965692066919
4271.199999993587,0.999688316311254,0.0019106474835671725,44.005492570984586
4271.5999999935775,1.0006734839452973,0.0018925238882293194,44.041922181617004
4271.999999993568,1.0005596880867222,0.0016138301572330071,43.766877561509204
4272.399999993559,1.0019347491683974,0.0016286687645610482,43.67974582984386
4272.799999993549,1.0046158991271776,0.0017527104995814188,43.80079305125423
4273.19999999354,1.0048420482925329,0.0019135969545927354,44.15442290464715
4273.59999999353,1.0027862529678164,0.0019900483458802016,44.217348952552385
4273.999999993521,1.003717436177889,0.002089626805626103,44.26662123450858
4274.399999993511,1.0035490877992306,0.0024766904940198243,44.77337431862751
4274.799999993502,1.0025601028350677,0.0025406915506751507,44.71031480770782
4275.199999993492,1.0009327841989044,0.002422157306028513,44.61232770953108
4275.599999993483,0.9983691357051425,0.002593629013553322,44.73176679705509
4275.9999999934735,0.9983294199632186,0.0022695556326138198,44.28609450694238
4276.399999993464,0.9987497025899296,0.0021640234462966916,44.135540125461624
4276.799999993455,0.9983267472604661,0.002189428491696666,44.231457833797286
4277.199999993445,0.997944582441158,0.002106825775401406,44.202676146227745
4277.599999993436,0.9986076756560356,0.0020960639501336298,44.19977049297881
4277.999999993426,0.9994810183769448,0.0016503338683466512,43.819527444938025
4278.399999993417,0.9992512244810421,0.0014882128888360439,43.58933574162782
4278.799999993407,0.9997422706303365,0.0014046571974215061,43.484128816923224
4279.199999993398,1.0005810855269097,0.0013876069198707416,43.440795006653445
4279.599999993388,1.0002651398592912,0.0013667220520850647,43.405855115950075
4279.999999993379,0.9997723116308763,0.0012853277056460337,43.386229190954644
4280.399999993369,1.0003836541112763,0.0013341103595056656,43.49173392001371
4280.79999999336,1.0016444946683178,0.0015988603635957105,43.78599715512004
4281.1999999933505,1.0030484346059134,0.0017471525948378544,43.98048842257337
4281.599999993341,1.005548091208063,0.0016728124249918183,44.01913356359949
4281.999999993332,1.005063429246778,0.0017462784763745975,44.188519522047585
4282.399999993322,1.003781601232444,0.0018265211544324792,44.224555789240945
4282.799999993313,1.0033550996063598,0.0017190895104244254,43.985318899333826
4283.199999993303,1.0028948182476554,0.0016725145350299556,43.922083241475605
4283.599999993294,1.0019364230222427,0.001668100436473365,43.95551067333934
4283.999999993284,1.0004977224421998,0.0018557033707882087,44.16706307468858
4284.399999993275,1.0002606492545347,0.0021739462108440726,44.41194718602286
4284.799999993265,0.9997588581928016,0.0021542767107753835,44.14234110067834
4285.199999993256,0.9995808357762427,0.0019628410888235005,43.84002159422783
4285.5999999932465,0.9993432096827267,0.0018758202683451743,43.77000967584183
4285.999999993237,0.9978000030415795,0.002003907995384019,43.853020528422995
4286.3999999932275,0.9964947146487672,0.0021392603893005454,43.98680337204037
4286.799999993218,0.9964505132254984,0.0021453503231834794,44.142611861121715
4287.199999993209,0.9970818809992668,0.0020219598227685784,44.15087867645574
4287.599999993199,0.9992465713405885,0.00192503786897561,44.13938019950211
4287.99999999319,0.9999336351740366,0.001975544653028696,44.15558698741775
4288.39999999318,1.0000084681360013,0.001671180378632682,43.83975495748819
4288.799999993171,1.0001855185809938,0.0015853698873220705,43.69075082927063
4289.199999993161,1.0015705136835809,0.0014328486910023305,43.46996025931883
4289.599999993152,1.0023668233822967,0.0014853899053032856,43.610086981940874
4289.999999993142,1.0030823347076236,0.0015962244831207188,43.756942274805006
4290.399999993133,1.0020144019786166,0.0016538360179273693,43.834279858329474
4290.7999999931235,1.0034071012898251,0.001802791093748234,44.04279814983449
4291.199999993114,1.003851558677783,0.0021291206448993518,44.397394339894525
4291.599999993105,1.0021589786307228,0.002352203945640391,44.585091576821135
4291.999999993095,1.0011894400939467,0.0022499678464840325,44.398618574457544
4292.399999993086,1.0019949863331377,0.002289624702030732,44.517184124222815
4292.799999993076,1.0032331778973018,0.0022661368651748976,44.633418809130795
4293.199999993067,1.002957989038579,0.0019961268862950226,44.200508279328034
4293.599999993057,1.001866200216247,0.0019027255882257742,44.00280444548698
4293.999999993048,1.0015610712401528,0.0020820122838468413,44.46496369128152
4294.399999993038,1.0024246207904988,0.0021989568607248236,44.7138531639803
4294.799999993029,1.0013548955798348,0.0024059231344707986,44.57060990612049
4295.199999993019,1.0001255959002742,0.0021079619795993233,44.349782155021245
4295.59999999301,0.9994152737524148,0.0018343200545963413,44.136276826544965
4295.9999999930005,0.9984314427696144,0.0016663122450545748,43.99160683308457
4296.399999992991,0.9989188944809759,0.00150132001425767,43.717831394175384
4296.799999992982,0.9989581205462037,0.0014799295098547633,43.63470471520451
4297.199999992972,0.9985938423829807,0.0015420507920403139,43.77226825157461
4297.599999992963,0.9983963120401321,0.0014583209314979581,43.57707939705857
4297.999999992953,0.9991922748513189,0.0013167793897682991,43.253126664770335
4298.399999992944,0.9993465057332274,0.0012524749743095876,43.12843936085256
4298.799999992934,0.9986149771308602,0.0012958096434434584,43.227229158644455
4299.199999992925,0.9974893800270557,0.0014762554255065403,43.371860302338206
4299.599999992915,0.9972568628615506,0.0017450049298665413,43.6782363067988
4299.999999992906,0.9966139416293024,0.001894480575693385,43.809451634790605
4300.3999999928965,0.9982852966765027,0.0020251511001211134,43.814076401968926
4300.799999992887,0.9997481196494868,0.0020872014075609033,43.85690927592251
4301.199999992878,1.0005796874274937,0.00214553129196783,44.05911996773545
4301.599999992868,1.0012893396937466,0.0020987902801244476,44.14544918801469
4301.999999992859,1.0016526789534994,0.0020043844550612453,44.070059657517554
4302.399999992849,1.00189199946015,0.0019581057762797127,44.01874534808268
4302.79999999284,1.0029038640143033,0.0019871651105603147,44.06779175767044
4303.19999999283,1.0042512796207603,0.001935691757380082,44.06857396695689
4303.599999992821,1.0056319875996753,0.0021982800212741564,44.4262643796644
4303.999999992811,1.0049990465328356,0.0024639988034477925,44.72168755166968
4304.399999992802,1.0035430318917482,0.0022553768048763716,44.419438079466836
4304.799999992792,1.0013554332493708,0.00217733544343696,44.30439932091907
4305.199999992783,1.0008476370805346,0.0023082011942062376,44.22979226638418
4305.5999999927735,1.0017041459968419,0.0023313790224323895,44.28541973194559
4305.999999992764,1.0021309595659584,0.001919746419532687,44.06206838240421
4306.399999992755,1.0024056701902562,0.001831936850848918,43.98589467286517
4306.799999992745,1.0008663594890077,0.0015795317139197184,43.81652605317666
4307.199999992736,0.9994464039750532,0.0016314405194026269,43.844926969066925
4307.599999992726,0.9986942794268826,0.0017787158947096748,43.76192773005143
4307.999999992717,0.9984975705786535,0.0019484398523875737,43.77585572454585
4308.399999992707,0.9962190383609705,0.0018744087971564033,43.6688480003675
4308.799999992698,0.9966528392824703,0.0018933097538355523,43.756885612694504
4309.199999992688,0.997719965551163,0.001974438016837524,43.8574093541844
4309.599999992679,0.9974692166108571,0.0020438709770864323,43.973919513595526
4309.9999999926695,0.9976685592162186,0.0019272625915337468,43.870532447851936
4310.39999999266,0.9979716004295244,0.0017943659977578295,43.722110395600495
4310.799999992651,0.9985523831618023,0.0018561921218095247,43.80134258043806
4311.199999992641,0.999830947073089,0.0019202150680071286,44.00564726287247
4311.599999992632,1.001542938854782,0.002064281916841269,44.16627672273474
4311.999999992622,1.002431082917767,0.0019809848625640873,44.09159698365804
4312.399999992613,1.0007701786796854,0.002050836906325328,44.074490909374774
4312.799999992603,1.0006138944836684,0.0020228643528974258,44.00309036739118
4313.199999992594,1.000861541686283,0.002213611958538885,44.18359663169522
4313.599999992584,1.0016234904185117,0.0022469641853567323,44.30124650157813
4313.999999992575,1.0015783286504811,0.0023628076663522613,44.70861566399883
4314.399999992565,1.0026973239384809,0.0021188837105173604,44.16704821445609
4314.799999992556,1.0037286817601765,0.0021909146481495375,44.238938224535445
4315.1999999925465,1.0031910771668189,0.0023924183996107155,44.41164109630757
4315.599999992537,1.0032023630594473,0.0026738138243544945,44.5674995844826
4315.999999992528,1.0009745804595511,0.0027041949693426153,44.75144366921208
4316.399999992518,1.000106178000681,0.0024146415712022816,44.48593247155333
4316.799999992509,1.0004345002732251,0.0021908007720345055,44.42211932430256
4317.199999992499,0.9993953983298021,0.0021293422303505713,44.47655560296955
4317.59999999249,0.9983013707421625,0.0021753633469522395,44.42647055434861
4317.99999999248,0.9999652182602937,0.0020063467382585233,44.10603255432902
4318.399999992471,1.000772005177509,0.0020549014552809783,44.21502571030431
4318.799999992461,0.999978440380198,0.002096292000511551,44.37325444706771
4319.199999992452,0.9992080073388131,0.0020856165590817013,44.545451653833524
4319.5999999924425,0.99817366538618,0.002071309531959079,44.46136839064532
4319.999999992433,0.9987039976794923,0.002079850974025844,44.38744858079847
4320.399999992424,0.9981685304742031,0.002174036600931836,44.4026903936635
4320.799999992414,0.9992739510062795,0.0023248251356790886,44.641933591859804
4321.199999992405,1.0008213631285996,0.00218694326989583,44.583763102520535
4321.599999992395,1.0021755095821379,0.0019700307494777804,44.14123073736774
4321.999999992386,1.001206573235937,0.0016493096709786301,43.86589682039315
4322.399999992376,1.0011476855265007,0.0014448119059397603,43.59960571597359
4322.799999992367,1.0012275124115075,0.0014158506284286038,43.48668734085922
4323.199999992357,1.0004272548825583,0.0015052315624390353,43.54299665602464
4323.599999992348,0.9994702309402328,0.0015242452387764943,43.39806000618226
4323.999999992338,0.9998017158077617,0.0016484237523898574,43.58579151667261
4324.399999992329,1.0005416059414614,0.0017798086236835264,43.91249227272815
4324.7999999923195,1.0017706357426364,0.002068114389452822,44.18656147149169
4325.19999999231,1.0017840252990924,0.0021585002397720996,44.143731284437735
4325.599999992301,1.0019732892281323,0.00242645295532099,44.144012885156
4325.999999992291,1.000439929219504,0.0026492870930667663,44.22212587885715
4326.399999992282,1.0010849107593687,0.002979709182425799,44.50126211485206
4326.799999992272,1.0007151589628789,0.0030834532523265953,44.73007283875041
4327.199999992263,1.0010892200410753,0.0026572189632617683,44.564658268906484
4327.599999992253,1.0010378931101396,0.0023815799531103432,44.425895517778216
4327.999999992244,1.0010388748880152,0.002106648068305567,44.14293891924506
4328.399999992234,0.9995550078826668,0.0021030864196727077,44.24912980022482
4328.799999992225,0.998266225724727,0.002081421952040258,44.26196778862215
4329.199999992215,0.9991320909736413,0.0020682282083268216,44.37707429137982
4329.599999992206,0.9995864004737665,0.001921241439893508,44.2777679474335
4329.9999999921965,1.001371062670071,0.0016892279276694037,43.810573588743544
4330.399999992187,1.0000776937098448,0.001683021001991097,43.74469939772635
4330.799999992178,1.0000503961796121,0.0018864378391679332,44.053761677535746
4331.199999992168,0.9991844200966726,0.0017190771026413078,43.807468592395665
4331.599999992159,0.9988128378377932,0.0016265059728222606,43.78003191606242
4331.999999992149,0.9983104373755695,0.0015890422373917047,43.84032310378641
4332.39999999214,0.9994322745336222,0.0016216419336537063,43.89598498103587
4332.79999999213,1.0001620952713006,0.0017861631768712478,44.06301184717544
4333.199999992121,1.0005059383213966,0.0019525672147203544,44.36029034481991
4333.599999992111,1.0009048633672848,0.0021548098108390016,44.56382274168749
4333.999999992102,1.0026853662161188,0.002142772564842375,44.309156858811704
4334.3999999920925,1.0057997512447647,0.0021787868944405753,44.41951144072419
4334.799999992083,1.0050852691676826,0.0021945219089130365,44.428008444565876
4335.199999992074,1.0026360118417879,0.0019289225683249394,44.0829115573627
4335.599999992064,1.0021839276212001,0.0017868186579135352,43.858115671270475
4335.999999992055,1.0021068014702965,0.001740029599619214,43.93361403981718
4336.399999992045,1.001828961767147,0.0017110222507762548,43.909897002184984
4336.799999992036,1.001948647591105,0.0017387887039126467,43.82556262931891
4337.199999992026,1.0021294199376105,0.0020119149878754508,43.86161078839483
4337.599999992017,1.0017570279264516,0.001949356657695014,43.64905816803773
4337.999999992007,1.0013006712969716,0.0018096060646828652,43.43488050878793
4338.399999991998,1.001195374116737,0.0018468972095713808,43.47593365565626
4338.799999991988,1.0012383514651189,0.002011380399126756,43.639952013586274
4339.199999991979,1.0004899333694734,0.0022329233134516287,43.96616595684489
4339.5999999919695,0.9981904303132915,0.0025574636810250617,44.0845314468066
4339.99999999196,0.9967739609744498,0.0025163486886769877,44.19013758764393
4340.399999991951,0.9977934175213826,0.0023097288680904845,44.21327388371785
4340.799999991941,0.9989887420940596,0.0023830682103984924,44.48536896021337
4341.199999991932,1.0007407581706615,0.0024117481994256947,44.348829790252076
4341.599999991922,1.0010286697282804,0.0020814009070874613,44.278484406018734
4341.999999991913,0.9998360850762374,0.002081155594627222,44.46440097892261
4342.399999991903,0.998581093030428,0.002025566322774472,44.346871260082025
4342.799999991894,0.9987377017721385,0.0018515582534024807,44.00941102398525
4343.199999991884,0.9978495685722665,0.0017262499101517118,43.94234019394911
4343.599999991875,0.9981967493193467,0.001744880467077668,44.09851860269397
4343.9999999918655,1.0001916031680556,0.002027707213779847,44.48808303558776
4344.399999991856,1.00264397022152,0.0019626177028972893,44.18041653516056
4344.799999991847,1.0027580586240556,0.0017167032609829555,43.83639591193121
4345.199999991837,1.0040953239488986,0.0016419876546079632,43.64808560421169
4345.599999991828,1.0035660029989484,0.0016291386046155087,43.67308926978981
4345.999999991818,1.0038219458294237,0.001650984713507329,43.8632446233564
4346.399999991809,1.0040942808831024,0.0017053031573211143,43.881319181423905
4346.799999991799,1.0040277769291195,0.0017826638194397117,43.98711839237615
4347.19999999179,1.0032599594726082,0.0018209356736337769,44.044366601734275
4347.59999999178,1.0013294113689792,0.0016639059246918327,43.87796194157044
4347.999999991771,0.9998932462602822,0.0015301954744902728,43.52774922269503
4348.399999991761,0.9985013197187845,0.0014642048813042732,43.3509525291913
4348.799999991752,0.9970333003253626,0.0015925478528646265,43.56219972639549
4349.1999999917425,0.9971442905326091,0.0018543034769442806,43.85520865235144
4349.599999991733,0.9990005787511865,0.002003082335925501,43.92047278653141
4349.999999991724,0.9993947285402615,0.0021568992437179923,44.083004265711544
4350.399999991714,0.9995456228359995,0.0023565847728666193,44.29884215176571
4350.799999991705,0.9999746113580795,0.0023138995328771746,44.25661113026071
4351.199999991695,0.9983343430273206,0.0023883003772598036,44.32390441378128
4351.599999991686,0.9978433120553193,0.0021982964053486286,44.18384892902374
4351.999999991676,0.9973143886015544,0.0021102008257546006,44.06519467132813
4352.399999991667,0.9978832615442983,0.002214447815820998,44.021104046254045
4352.799999991657,0.9982461606660797,0.0021000713541511917,43.908154250519914
4353.199999991648,0.9993914386187968,0.002161092986757718,43.93210975431168
4353.5999999916385,1.0001608807013724,0.002375427312117992,44.07603971788338
4353.999999991629,1.0001615594046551,0.002574900789773461,44.212187193361494
4354.39999999162,0.9984615692569839,0.0024538050838591816,44.270991672239774
4354.79999999161,0.9970308032042583,0.0022790362841063386,44.12140298242564
4355.199999991601,0.9981402716663834,0.002216336716357748,44.2929753852438
4355.599999991591,0.9989392397646808,0.0020951942228466516,44.17188006379596
4355.999999991582,0.999591234845782,0.0021633332568387576,44.174976251410065
4356.399999991572,0.9993378783058826,0.0023104361076406984,44.27495044767475
4356.799999991563,0.9985717150833275,0.002173956499844222,44.17503019969159
4357.199999991553,0.997568399302452,0.0023070926407242156,44.35456664209209
4357.599999991544,0.9977867851801405,0.002138462065137077,44.18025911457612
4357.999999991534,0.9982454457499486,0.0018416264494778667,43.96303547701223
4358.399999991525,0.9991140230713723,0.0017757270310813525,43.86592878741367
4358.7999999915155,1.0002870484404185,0.001642265430273167,43.77655445321336
4359.199999991506,1.0011653240836054,0.0014752830303455494,43.56791232900224
4359.599999991497,1.001250397766349,0.0014889545224328672,43.5469478698519
4359.999999991487,1.00095076298502,0.0015510903306827381,43.66939062658464
4360.399999991478,1.0002757181750224,0.0015431324831337424,43.70457184323806
4360.799999991468,0.9995971702108817,0.0015660703165084298,43.71463930440646
4361.199999991459,0.9995474190926577,0.0015870503206909597,43.69465049326444
4361.599999991449,0.9996589050312069,0.0015903472260398587,43.62545842986236
4361.99999999144,1.00036555655245,0.0017202337027565312,43.70346261370712
4362.39999999143,1.002608347830229,0.0018609918005133325,43.79220901505343
4362.799999991421,1.00239407154957,0.0019063750867101424,43.69141863027826
4363.1999999914115,1.0009243621290052,0.002040036989968679,43.80109687061111
4363.599999991402,1.0008565317968396,0.0022589812659773133,44.124778939663024
4363.9999999913925,1.0018290937039758,0.0024926319357619735,44.54291236184759
4364.399999991383,1.0031789694371336,0.0025487902450618835,44.67718578362897
4364.799999991374,1.0037021782830582,0.0024417533928981147,44.55588570920352
4365.199999991364,1.0044603560456367,0.002426770840099746,44.677803139923576
4365.599999991355,1.0031740751650033,0.0025583712153539346,44.89043891347249
4365.999999991345,1.0018817979956942,0.0025423342194673864,44.66493847256578
4366.399999991336,0.9997546733238939,0.00199258719549139,43.94464159743347
4366.799999991326,0.9987823222254949,0.0020421604467492148,43.79481478269246
4367.199999991317,0.9996702230800583,0.0024386079801254133,44.13049149156145
4367.599999991307,1.0011257253496513,0.0021765617348596614,44.17279647076655
4367.999999991298,1.0020171389789918,0.0019373061851631018,43.96015256207312
4368.3999999912885,1.003151999190962,0.0019072755301588144,44.07679314312501
4368.799999991279,1.0030759638018016,0.0019552763415908903,44.02590928744349
4369.19999999127,1.002254269006852,0.001624709372797569,43.63871300856772
4369.59999999126,1.0028840917122455,0.0014962423078192265,43.540423883638965
4369.999999991251,1.002994006898044,0.0014909824559176236,43.51948525678508
4370.399999991241,1.002969081803075,0.0015769245250897917,43.61282193089714
4370.799999991232,1.0025388334018155,0.0016031539734089114,43.6747542355217
4371.199999991222,1.0017552461282073,0.0016637159188855474,43.719398612234436
4371.599999991213,1.000584816786073,0.0017727048946115256,43.84051894084032
4371.999999991203,0.9992238679406875,0.0020934843438073225,44.06319400539146
4372.399999991194,0.9993711634244061,0.0022741439691414266,44.25663128817355
4372.799999991184,1.0008956584811008,0.002245026644850277,44.346142961421926
4373.199999991175,1.001282472053341,0.0022032860500465967,44.33845839640236
4373.5999999911655,1.0012318006351026,0.002317717170336897,44.260161024399736
4373.999999991156,1.0012651075837766,0.0023555206675350653,44.164217217818155
4374.399999991147,1.0004806998113713,0.002355568547723709,44.39109842039375
4374.799999991137,1.0002082727318728,0.0022141369408894473,44.15264602430495
4375.199999991128,0.9995890598947558,0.0021629876553290683,44.02173437979913
4375.599999991118,0.9997327296168331,0.0019911232802233016,44.12508851099
4375.999999991109,1.0002317189462648,0.0020539646277492967,44.27124540116276
4376.399999991099,0.9999455695132836,0.0022807823117257354,44.45225914335101
4376.79999999109,1.00029113918745,0.0023175277321565704,44.38395686423683
4377.19999999108,1.0013559541855808,0.0021201670217988284,44.099224494834516
4377.599999991071,1.0019156985070383,0.0018620220089119609,43.81617464699179
4377.9999999910615,1.0008493496806392,0.0017652267287366265,43.6473875653458
4378.399999991052,1.0002242868768942,0.0017364981108520159,43.66450935440603
4378.799999991043,1.0008787318923134,0.0015797337681839744,43.53306296427281
4379.199999991033,1.0009158542321426,0.0014774874739236642,43.46401574871973
4379.599999991024,1.0013954092048958,0.0016189568005567621,43.65263010038451
4379.999999991014,1.001846859838644,0.0017427024441731486,43.73856869577629
4380.399999991005,1.0032927107243914,0.0018373214503410735,43.79120466374526
4380.799999990995,1.0041080910370137,0.0020429413690054104,43.981506432804935
4381.199999990986,1.004952768219196,0.0025129286151743774,44.46223437060317
4381.599999990976,1.0053576372121793,0.002854040286523748,44.88805172952151
4381.999999990967,1.0074969293622542,0.0029070605309871687,44.893895962672104
4382.399999990957,1.0069694405255127,0.002710577004611478,44.71606994685838
4382.799999990948,1.0048699317693839,0.0025454638171174375,44.591974216500056
4383.1999999909385,1.002774675294244,0.0028120715703601426,44.81808020156991
4383.599999990929,1.0009304407359345,0.0026119740801891353,44.55091777969663
4383.99999999092,0.9998887300561008,0.002301676057932256,44.28582908323283
4384.39999999091,0.9997989009466897,0.0020866475785324455,44.08792586121071
4384.799999990901,0.9993229658123702,0.002035134168821423,43.975206182664785
4385.199999990891,0.997897387071102,0.002009198916484071,43.86388328224528
4385.599999990882,0.9991274671159512,0.002016670840580994,43.91586174031017
4385.999999990872,0.9999162324603329,0.0018002861983180073,43.73092974666731
4386.399999990863,1.0009000875436325,0.0017149255615198074,43.68362471457296
4386.799999990853,1.0007211177637247,0.001656352492960609,43.65630985006354
4387.199999990844,1.000804160063348,0.0014912392545346515,43.49749616394836
4387.5999999908345,1.001125293965359,0.0013797643416535654,43.392992727086074
4387.999999990825,1.0006442935947903,0.0013518976570762525,43.43049428305515
4388.399999990816,1.0012929099938703,0.001376640272480715,43.46079250247283
4388.799999990806,1.001374632421059,0.0014535160084287564,43.51211315561356
4389.199999990797,1.0035929669906438,0.0016446889480621557,43.75193416754977
4389.599999990787,1.0056782474466277,0.00198055010516493,43.932874175130806
4389.999999990778,1.0052267783591502,0.002463464193527171,44.33595625404497
4390.399999990768,1.004778342110722,0.0027100235495795683,44.52520055426163
4390.799999990759,1.002738468576903,0.002646588770329611,44.261662407636656
4391.199999990749,1.0010915771196554,0.0028074406943403643,44.23671178226142
4391.59999999074,1.0018885989550261,0.0029620869060500922,44.34670285997298
4391.99999999073,1.0011865260409525,0.003059881004587267,44.508640329750605
4392.399999990721,0.9996532391628746,0.002815202076504656,44.44317735858614
4392.7999999907115,0.9991732013531918,0.002526498998008163,44.33613417880608
4393.199999990702,1.0000511479136123,0.0021271094130326036,43.95077332539344
4393.599999990693,0.999650483063125,0.002044977739282717,43.95561844739147
4393.999999990683,0.9991322000520357,0.0022948938259428364,44.23685084243447
4394.399999990674,0.9989495647742441,0.002421603752144944,44.30695110394628
4394.799999990664,0.9994298738792513,0.0025550027983659634,44.40537374782338
4395.199999990655,0.9981987122964211,0.0024178536085092627,44.28622893583285
4395.599999990645,0.9990786098625162,0.002329367997323534,44.11651762407337
4395.999999990636,0.9988607865333966,0.002476394718904503,44.36990706391429
4396.399999990626,0.999836824018603,0.002218596476657732,44.32903162086575
4396.799999990617,0.99998052227687,0.0021121396226770318,44.06297121857076
4397.1999999906075,1.001582686551257,0.0018193920865009726,43.80967561018774
4397.599999990598,1.0029354942490312,0.001780807399589814,43.73970682954912
4397.999999990589,1.0038768316845832,0.0018539625216893907,43.923859088623026
4398.399999990579,1.0038051142294595,0.002017117141854207,44.11521978244076
4398.79999999057,1.0036413152943204,0.002215508145569184,44.285848785945326
4399.19999999056,1.0029389635458692,0.0022475892632911076,44.36050457094258
4399.599999990551,1.0018313393166043,0.0020296105354317144,44.226724432500994
4399.999999990541,1.0015518362787679,0.0021615845383785837,44.3996623195502
