4.720366374407575449e+00 9.878678494078957373e-01
9.426199326226821995e+00 9.193197078107119280e-01
1.410692909357521785e+01 8.031791203464619944e-01
1.873993248784643129e+01 6.445875637307976191e-01
2.334667033517081336e+01 4.485973759622802204e-01
2.787321366277086554e+01 2.212831930389640711e-01
3.234784902033092635e+01 -2.704394652580546440e-02
3.676316098355962936e+01 -2.862071950066923942e-01
4.106924952651957028e+01 -5.564187368377647713e-01
4.532382953722876096e+01 -8.102002312741504175e-01
4.945975415514908491e+01 -1.070228451762708977e+00
5.350343049046077226e+01 -1.308150623943397539e+00
5.747656402142484922e+01 -1.524583953744597764e+00
6.128693190627542720e+01 -1.716482800671345954e+00
6.503073618366440201e+01 -1.874524282151016630e+00
6.864635298466298252e+01 -2.009461468365359327e+00
7.213591701234651055e+01 -2.110097523302367772e+00
7.555604086667871400e+01 -2.176851555887989953e+00
7.879016490688532315e+01 -2.222079360949891225e+00
8.194695189962364168e+01 -2.226684953168856840e+00
8.498773332115911217e+01 -2.210145802764113210e+00
8.788122313088693716e+01 -2.169400051294072096e+00
9.070468225355385528e+01 -2.098795702107794092e+00
9.336432314238010122e+01 -2.013549216353285765e+00
9.593179716873454765e+01 -1.900486402865690039e+00
9.840710433261746459e+01 -1.772371904300292123e+00
1.007278485308197276e+02 -1.630649535696965247e+00
1.029848395500778224e+02 -1.466492158018378067e+00
1.051104865684237950e+02 -1.298930245751853230e+00
1.071380234098409261e+02 -1.125671901682790077e+00
1.091001534666390995e+02 -9.539634743848646181e-01
1.109122871892667632e+02 -7.969701408003568854e-01
1.126704227585441203e+02 -6.588031666137319498e-01
1.143309065958916193e+02 -5.604356632564307938e-01
1.158950558648619307e+02 -5.021691807403162455e-01
1.174093356949441613e+02 -4.687098676121353447e-01
1.188034507908561466e+02 -4.490427973940930295e-01
1.201455734548291332e+02 -4.346123030061834758e-01
1.214197060154965726e+02 -4.235548795763432461e-01
1.226046993746373630e+02 -4.152459941729494397e-01
1.237502163012872529e+02 -4.084936314741359764e-01
1.248097750673914845e+02 -4.035132698703556842e-01
1.258185509074394588e+02 -3.996171273973621596e-01
1.267828916871887799e+02 -3.966070185386315616e-01
1.276683295927708315e+02 -3.944648111531346424e-01
1.285235252034503333e+02 -3.926919745232914649e-01
1.293196637146978105e+02 -3.914176259251157530e-01
1.300690491079118658e+02 -3.903486576505769134e-01
1.316860693263569715e+02 -3.886492306272351094e-01
1.325807717462393214e+02 -3.880493398884780620e-01
1.334754741661216713e+02 -3.875585669793259469e-01
1.343701765860041633e+02 -3.872937673307413342e-01
1.352648790058860868e+02 -3.871539394143713175e-01
1.370542838456504171e+02 -3.873084724631541964e-01
1.388436886854153443e+02 -3.878746266973741030e-01
1.397383911052976657e+02 -3.882683794940818833e-01
1.424224983649443743e+02 -3.896400794175176596e-01
1.451066056245911682e+02 -3.911260279257543493e-01
1.460013080444735465e+02 -3.916274912455596224e-01
1.468960104643556406e+02 -3.921199800504279187e-01
1.504748201438848980e+02 -3.939828787898495555e-01
1.522642249836494557e+02 -3.948114480865201337e-01
1.540536298234142123e+02 -3.955474593151059870e-01
1.585271419228253080e+02 -3.969570703147477508e-01
1.594218443427074590e+02 -3.971617868755877856e-01
1.630006540222367732e+02 -3.977471112938315567e-01
1.782105951602355276e+02 -3.976922550055331795e-01
1.799999999999998863e+02 -3.973754774658639355e-01
1.799999999999999147e+02 -3.952003824672313814e-01
1.799999999999999432e+02 -3.978931660947716553e-01
1.799999999999999432e+02 -3.978083138766116966e-01
1.799999999999999716e+02 -3.976792439841445037e-01
1.799999999999999716e+02 -3.978643767888804250e-01
1.799999999999999716e+02 -3.958570231909196435e-01
1.799999999999999716e+02 -3.976492514194151506e-01
1.800000000000000000e+02 -3.902123895618131444e-01
1.800000000000000000e+02 -3.906972944581611484e-01
1.800000000000000000e+02 -3.892767281069713370e-01
1.800000000000000000e+02 -3.888359694736143179e-01
1.800000000000000000e+02 -3.877764037338382597e-01
1.800000000000000000e+02 -3.874563756518952795e-01
1.800000000000000000e+02 -3.900656098928249049e-01
1.800000000000000000e+02 -3.976444631282735620e-01
1.800000000000000000e+02 -3.931128169920107274e-01
1.800000000000000000e+02 -3.977671006769165074e-01
1.800000000000000000e+02 -3.978184438404118728e-01
1.800000000000000000e+02 -3.978558389373245130e-01
1.800000000000000000e+02 -3.978792190505565651e-01
1.800000000000000000e+02 -3.966482778489817118e-01
1.800000000000000000e+02 -3.964090891198047695e-01
1.800000000000000000e+02 -3.975060844760783807e-01
1.800000000000000000e+02 -3.961446435745380468e-01
1.800000000000000000e+02 -3.926418881579289977e-01
1.800000000000000000e+02 -3.977799298849711285e-01
1.800000000000000000e+02 -3.977534973921424410e-01
1.800000000000000000e+02 -3.977276234566207713e-01
1.800000000000000000e+02 -3.944306734974309947e-01
1.800000000000000000e+02 -3.977026058779372653e-01
1.800000000000000000e+02 -3.935706708491739647e-01
1.800000000000000284e+02 -3.972248718811104973e-01
1.800000000000000284e+02 -3.978373571000192732e-01
1.800000000000000284e+02 -3.978837497368291620e-01
1.800000000000000568e+02 -3.978916524673645205e-01
1.800000000000000853e+02 -3.977001305453023439e-01
1.817894048397645577e+02 -3.976297102605290679e-01
1.969993459777632268e+02 -3.974802869567529151e-01
2.005781556572925410e+02 -3.969481157539097582e-01
2.014728580771746635e+02 -3.967691037156803047e-01
2.059463701765860435e+02 -3.955378542240766127e-01
2.077357750163506296e+02 -3.948465740749103059e-01
2.095251798561150451e+02 -3.940375392821481304e-01
2.131039895356443878e+02 -3.922038657260739081e-01
2.139986919555264819e+02 -3.917240929953901274e-01
2.148933943754087750e+02 -3.912468538209347702e-01
2.175775016350557394e+02 -3.898324198785683148e-01
2.202616088947023059e+02 -3.885935329541931882e-01
2.211563113145846557e+02 -3.882633049807259762e-01
2.229457161543489860e+02 -3.878098505121190254e-01
2.247351209941138563e+02 -3.877617852652176511e-01
2.256298234139961494e+02 -3.879655997473404061e-01
2.265245258338783287e+02 -3.882939527938219504e-01
2.274192282537606502e+02 -3.888695647556870139e-01
2.283139306736430001e+02 -3.895529706829901073e-01
2.298727102692705273e+02 -3.914256657045380727e-01
2.305586805206431507e+02 -3.925062732159624312e-01
2.312906262308324017e+02 -3.937617957215033826e-01
2.320703390795811742e+02 -3.954655812429931916e-01
2.328763238545377021e+02 -3.974602445604023537e-01
2.337603096190320286e+02 -4.003046031459598919e-01
2.346723104125254054e+02 -4.038358290391387273e-01
2.356464367518327663e+02 -4.084210934951409966e-01
2.366786864232758774e+02 -4.144138222811004080e-01
2.377476455676467140e+02 -4.215649172383089116e-01
2.389124355518191010e+02 -4.313690513441231222e-01
2.401123012227513129e+02 -4.430834412328480409e-01
2.413940085507433650e+02 -4.590075570743665234e-01
2.427444450808455088e+02 -4.816347415302973389e-01
2.441445193680271757e+02 -5.173503010665725377e-01
2.456588737760190213e+02 -5.809002544127440659e-01
2.472158811783892247e+02 -6.781392109998211071e-01
2.488771469660854336e+02 -8.089959388368503923e-01
2.506166442014783797e+02 -9.595702103269101446e-01
2.524205673349745211e+02 -1.114177737684289848e+00
2.543554252766464288e+02 -1.277774059244867200e+00
2.563401657749722062e+02 -1.436060689010453029e+00
2.584519263036916641e+02 -1.590767689123004036e+00
2.606483124546887211e+02 -1.735977674156497397e+00
2.629240351265709137e+02 -1.859571515742419079e+00
2.653418946498661626e+02 -1.975886343732715211e+00
2.678151172534305147e+02 -2.067504907978636730e+00
2.704340910229806241e+02 -2.144248037064809598e+00
2.731385303709140544e+02 -2.200564273438115226e+00
2.759341330024564627e+02 -2.228109747171452160e+00
2.788730851228671668e+02 -2.242412167168108095e+00
2.818692668309589067e+02 -2.223224816945660542e+00
2.850195220839306103e+02 -2.180751747501826543e+00
2.882482828657374512e+02 -2.111335456230115426e+00
2.915723717897009237e+02 -2.010783265994117830e+00
2.950268036027530343e+02 -1.888396691344618628e+00
2.985347679487860546e+02 -1.732663168772858198e+00
3.021875469601176860e+02 -1.554608235235608538e+00
3.059030888015964820e+02 -1.357544450693620730e+00
3.097055330232798269e+02 -1.132024567272394311e+00
3.136091477397470726e+02 -8.943385204483543793e-01
3.175557263908151526e+02 -6.532571515649827631e-01
3.216150309024985745e+02 -4.037172832897856778e-01
3.257139209979627594e+02 -1.556574956809741173e-01
3.298754882677465048e+02 8.230666334311333154e-02
3.340951926430628305e+02 3.064038811297790654e-01
3.383406105052367252e+02 5.065594453033801514e-01
3.426439321325209448e+02 6.831578260588585527e-01
3.469601843307090121e+02 8.191250568484256256e-01
3.512999466578130523e+02 9.268246095425403119e-01
3.556479994166008964e+02 9.843950880126854930e-01
3.600000000000000000e+02 1.009966899561106635e+00
