y	y+	dissip	produc	p-strain	p-diff	t-diff	v-diff	bal	
0.00000E+00	0.00000E+00	2.17590E-01	-1.11850E-30	0.00000E+00	1.09600E-05	1.11850E-30	2.17590E-01	0.00000E+00	
7.52980E-05	2.95350E-02	2.16840E-01	2.44160E-08	0.00000E+00	5.21430E-04	4.05210E-08	2.16050E-01	-2.62670E-04	
3.01180E-04	1.18140E-01	2.13670E-01	1.57170E-06	0.00000E+00	2.03950E-03	2.59460E-06	2.11590E-01	-3.99720E-05	
6.77620E-04	2.65790E-01	2.09170E-01	1.80910E-05	0.00000E+00	4.30890E-03	2.96010E-05	2.04820E-01	1.63930E-05	
1.20450E-03	4.72480E-01	2.03770E-01	1.03040E-04	0.00000E+00	7.06950E-03	1.66750E-04	1.96450E-01	1.15510E-05	
1.88190E-03	7.38160E-01	1.97970E-01	3.99090E-04	0.00000E+00	9.92580E-03	6.36320E-04	1.87020E-01	1.83120E-05	
2.70950E-03	1.06280E+00	1.92130E-01	1.20880E-03	0.00000E+00	1.25890E-02	1.88340E-03	1.76470E-01	1.87230E-05	
3.68740E-03	1.44640E+00	1.86280E-01	3.07790E-03	0.00000E+00	1.47470E-02	4.61410E-03	1.63880E-01	4.59480E-05	
4.81530E-03	1.88880E+00	1.80180E-01	6.86250E-03	0.00000E+00	1.62860E-02	9.65500E-03	1.47430E-01	4.59560E-05	
6.09300E-03	2.39000E+00	1.73400E-01	1.37240E-02	0.00000E+00	1.71070E-02	1.75010E-02	1.25110E-01	5.17830E-05	
7.52050E-03	2.94990E+00	1.65660E-01	2.49790E-02	0.00000E+00	1.73100E-02	2.76380E-02	9.57640E-02	1.90050E-05	
9.09740E-03	3.56840E+00	1.57180E-01	4.17590E-02	0.00000E+00	1.69420E-02	3.80780E-02	6.03940E-02	5.95230E-07	
1.08230E-02	4.24550E+00	1.48690E-01	6.45380E-02	0.00000E+00	1.61830E-02	4.56720E-02	2.22790E-02	-2.18480E-05	
1.26990E-02	4.98100E+00	1.41210E-01	9.26940E-02	0.00000E+00	1.50770E-02	4.72210E-02	-1.37730E-02	1.70090E-05	
1.47220E-02	5.77480E+00	1.35610E-01	1.24340E-01	0.00000E+00	1.37540E-02	4.08250E-02	-4.32110E-02	9.33580E-05	
1.68950E-02	6.62680E+00	1.32240E-01	1.56590E-01	0.00000E+00	1.21930E-02	2.67120E-02	-6.30350E-02	2.22390E-04	
1.92150E-02	7.53690E+00	1.30830E-01	1.86140E-01	0.00000E+00	1.04820E-02	7.16130E-03	-7.26110E-02	3.34550E-04	
2.16830E-02	8.50490E+00	1.30670E-01	2.10130E-01	0.00000E+00	8.59480E-03	-1.43460E-02	-7.32810E-02	4.37000E-04	
2.42980E-02	9.53070E+00	1.30870E-01	2.26650E-01	0.00000E+00	6.63950E-03	-3.42690E-02	-6.76490E-02	4.93590E-04	
2.70600E-02	1.06140E+01	1.30740E-01	2.35090E-01	0.00000E+00	4.64180E-03	-4.99750E-02	-5.84650E-02	5.56130E-04	
2.99690E-02	1.17550E+01	1.29820E-01	2.35910E-01	0.00000E+00	2.75060E-03	-6.01680E-02	-4.80540E-02	6.11130E-04	
3.30240E-02	1.29530E+01	1.27960E-01	2.30370E-01	0.00000E+00	1.01730E-03	-6.48030E-02	-3.79500E-02	6.81700E-04	
3.62240E-02	1.42090E+01	1.25200E-01	2.20050E-01	0.00000E+00	-4.24720E-04	-6.46990E-02	-2.90070E-02	7.15430E-04	
3.95690E-02	1.55210E+01	1.21690E-01	2.06550E-01	0.00000E+00	-1.53860E-03	-6.10840E-02	-2.15250E-02	7.11420E-04	
4.30600E-02	1.68900E+01	1.17640E-01	1.91250E-01	0.00000E+00	-2.27290E-03	-5.52100E-02	-1.54790E-02	6.42800E-04	
4.66940E-02	1.83150E+01	1.13230E-01	1.75290E-01	0.00000E+00	-2.65710E-03	-4.81700E-02	-1.06730E-02	5.70370E-04	
5.04720E-02	1.97970E+01	1.08570E-01	1.59490E-01	0.00000E+00	-2.73580E-03	-4.07610E-02	-6.92750E-03	4.93990E-04	
5.43930E-02	2.13350E+01	1.03710E-01	1.44390E-01	0.00000E+00	-2.60500E-03	-3.35220E-02	-4.12520E-03	4.32910E-04	
5.84560E-02	2.29290E+01	9.87080E-02	1.30290E-01	0.00000E+00	-2.32150E-03	-2.67700E-02	-2.13520E-03	3.54520E-04	
6.26610E-02	2.45780E+01	9.36590E-02	1.17370E-01	0.00000E+00	-2.02050E-03	-2.06630E-02	-7.41640E-04	2.87620E-04	
6.70070E-02	2.62830E+01	8.86690E-02	1.05680E-01	0.00000E+00	-1.69320E-03	-1.53600E-02	2.57470E-04	2.06520E-04	
7.14940E-02	2.80430E+01	8.37940E-02	9.52420E-02	0.00000E+00	-1.29220E-03	-1.08820E-02	8.69970E-04	1.48240E-04	
7.61200E-02	2.98580E+01	7.91110E-02	8.60280E-02	0.00000E+00	-8.21120E-04	-7.22560E-03	1.22950E-03	9.41600E-05	
8.08860E-02	3.17270E+01	7.46810E-02	7.79540E-02	0.00000E+00	-3.23900E-04	-4.40310E-03	1.48460E-03	3.50060E-05	
8.57900E-02	3.36510E+01	7.04810E-02	7.09040E-02	0.00000E+00	1.21320E-04	-2.18790E-03	1.61610E-03	-3.22550E-05	
9.08320E-02	3.56280E+01	6.64680E-02	6.47520E-02	0.00000E+00	4.03960E-04	-2.36280E-04	1.55200E-03	8.70600E-06	
9.60110E-02	3.76600E+01	6.26280E-02	5.93730E-02	0.00000E+00	5.27710E-04	1.52240E-03	1.37370E-03	1.65370E-04	
1.01330E-01	3.97440E+01	5.90100E-02	5.46640E-02	0.00000E+00	5.51940E-04	2.86150E-03	1.23650E-03	3.08250E-04	
1.06780E-01	4.18820E+01	5.56150E-02	5.05230E-02	0.00000E+00	5.75890E-04	3.72720E-03	1.13860E-03	3.47320E-04	
1.12360E-01	4.40730E+01	5.24540E-02	4.68920E-02	0.00000E+00	6.72660E-04	4.27620E-03	1.00890E-03	3.98810E-04	
1.18080E-01	4.63160E+01	4.95240E-02	4.37450E-02	0.00000E+00	8.59660E-04	4.57160E-03	9.01560E-04	5.51320E-04	
1.23930E-01	4.86110E+01	4.68160E-02	4.10370E-02	0.00000E+00	1.02720E-03	4.65810E-03	8.32260E-04	7.40490E-04	
1.29910E-01	5.09580E+01	4.43280E-02	3.86910E-02	0.00000E+00	1.11660E-03	4.63400E-03	7.58590E-04	8.70640E-04	
1.36030E-01	5.33560E+01	4.20220E-02	3.66390E-02	0.00000E+00	1.13970E-03	4.64350E-03	5.92390E-04	9.94540E-04	
1.42270E-01	5.58050E+01	3.99160E-02	3.48130E-02	0.00000E+00	1.11030E-03	4.41560E-03	5.55770E-04	9.77800E-04	
1.48640E-01	5.83050E+01	3.79700E-02	3.31500E-02	0.00000E+00	1.03040E-03	3.91560E-03	5.93590E-04	7.19560E-04	
1.55150E-01	6.08550E+01	3.61170E-02	3.15980E-02	0.00000E+00	8.96630E-04	3.44900E-03	5.66420E-04	3.94010E-04	
1.61780E-01	6.34560E+01	3.43750E-02	3.01570E-02	0.00000E+00	7.35560E-04	3.25780E-03	4.66070E-04	2.40710E-04	
1.68530E-01	6.61050E+01	3.27580E-02	2.88310E-02	0.00000E+00	5.29060E-04	3.29810E-03	4.06340E-04	3.07100E-04	
1.75410E-01	6.88040E+01	3.12530E-02	2.76070E-02	0.00000E+00	2.93790E-04	3.53130E-03	3.39570E-04	5.18920E-04	
1.82420E-01	7.15510E+01	2.98600E-02	2.64640E-02	0.00000E+00	3.94260E-05	3.78980E-03	3.07000E-04	7.40070E-04	
1.89540E-01	7.43470E+01	2.85380E-02	2.53680E-02	0.00000E+00	-1.67060E-04	4.01610E-03	2.26760E-04	9.05640E-04	
1.96790E-01	7.71910E+01	2.72950E-02	2.43120E-02	0.00000E+00	-3.01710E-04	3.93420E-03	2.09880E-04	8.58610E-04	
2.04160E-01	8.00820E+01	2.60980E-02	2.33150E-02	0.00000E+00	-3.33710E-04	3.58530E-03	1.56960E-04	6.27660E-04	
2.11650E-01	8.30200E+01	2.49520E-02	2.24290E-02	0.00000E+00	-3.39930E-04	3.24100E-03	7.69420E-05	4.51480E-04	
2.19260E-01	8.60050E+01	2.38820E-02	2.16610E-02	0.00000E+00	-3.77230E-04	2.87190E-03	4.83710E-05	3.24640E-04	
2.26990E-01	8.90350E+01	2.28720E-02	2.09660E-02	0.00000E+00	-4.48460E-04	2.57140E-03	5.38440E-05	2.69280E-04	
2.34830E-01	9.21120E+01	2.19400E-02	2.03040E-02	0.00000E+00	-5.50280E-04	2.30010E-03	7.31460E-05	1.88010E-04	
2.42790E-01	9.52340E+01	2.10610E-02	1.96790E-02	0.00000E+00	-6.22310E-04	2.03040E-03	8.12640E-05	1.06220E-04	
2.50860E-01	9.84000E+01	2.02250E-02	1.90920E-02	0.00000E+00	-6.21190E-04	1.82930E-03	8.18850E-05	1.55970E-04	
2.59050E-01	1.01610E+02	1.94290E-02	1.85170E-02	0.00000E+00	-5.70700E-04	1.63910E-03	8.94220E-05	2.46580E-04	
2.67350E-01	1.04860E+02	1.86650E-02	1.79370E-02	0.00000E+00	-5.14050E-04	1.39320E-03	3.47770E-05	1.86150E-04	
2.75750E-01	1.08160E+02	1.79560E-02	1.73750E-02	0.00000E+00	-4.93150E-04	1.16630E-03	-7.03220E-06	8.50450E-05	
2.84270E-01	1.11500E+02	1.72980E-02	1.68450E-02	0.00000E+00	-4.88950E-04	9.88460E-04	-1.35170E-05	3.34770E-05	
2.92890E-01	1.14890E+02	1.66840E-02	1.63270E-02	0.00000E+00	-4.76730E-04	7.55500E-04	3.10670E-05	-4.84610E-05	
3.01620E-01	1.18310E+02	1.61050E-02	1.57740E-02	0.00000E+00	-4.29700E-04	3.57440E-04	1.15860E-04	-2.86370E-04	
3.10460E-01	1.21780E+02	1.55280E-02	1.52000E-02	0.00000E+00	-3.61340E-04	-8.11200E-05	1.23040E-04	-6.48180E-04	
3.19400E-01	1.25280E+02	1.49650E-02	1.46430E-02	0.00000E+00	-2.94020E-04	-2.69830E-04	7.17140E-05	-8.12580E-04	
3.28440E-01	1.28830E+02	1.44240E-02	1.41160E-02	0.00000E+00	-2.58560E-04	-2.20420E-04	4.99080E-05	-7.37350E-04	
3.37580E-01	1.32420E+02	1.38920E-02	1.36020E-02	0.00000E+00	-2.75740E-04	-6.12870E-05	2.76600E-05	-5.99290E-04	
3.46830E-01	1.36040E+02	1.33820E-02	1.31160E-02	0.00000E+00	-3.37120E-04	2.26940E-04	5.47060E-06	-3.69820E-04	
3.56170E-01	1.39710E+02	1.29220E-02	1.27060E-02	0.00000E+00	-4.19120E-04	5.34160E-04	-1.51680E-05	-1.16160E-04	
3.65610E-01	1.43410E+02	1.24920E-02	1.23720E-02	0.00000E+00	-4.95020E-04	7.63920E-04	-4.51180E-06	1.43830E-04	
3.75140E-01	1.47150E+02	1.20670E-02	1.20610E-02	0.00000E+00	-5.28100E-04	8.76390E-04	8.99230E-06	3.51440E-04	
3.84770E-01	1.50920E+02	1.16450E-02	1.17640E-02	0.00000E+00	-4.95100E-04	8.80400E-04	2.16940E-06	5.05070E-04	
3.94490E-01	1.54740E+02	1.12430E-02	1.14830E-02	0.00000E+00	-4.07460E-04	7.42640E-04	1.36260E-05	5.89070E-04	
4.04300E-01	1.58580E+02	1.08540E-02	1.12100E-02	0.00000E+00	-3.30850E-04	6.30000E-04	2.14480E-05	6.75790E-04	
4.14200E-01	1.62470E+02	1.04860E-02	1.09350E-02	0.00000E+00	-2.95980E-04	6.43140E-04	2.35800E-05	8.20600E-04	
4.24190E-01	1.66390E+02	1.01340E-02	1.06440E-02	0.00000E+00	-2.90060E-04	6.94320E-04	1.65740E-05	9.29970E-04	
4.34270E-01	1.70340E+02	9.79870E-03	1.03180E-02	0.00000E+00	-2.83740E-04	6.80460E-04	4.19940E-05	9.58580E-04	
4.44430E-01	1.74330E+02	9.47120E-03	9.95620E-03	0.00000E+00	-3.08690E-04	5.63370E-04	5.76910E-05	7.96480E-04	
4.54670E-01	1.78340E+02	9.14260E-03	9.56400E-03	0.00000E+00	-3.43200E-04	5.02600E-04	1.94520E-05	6.01240E-04	
4.65000E-01	1.82390E+02	8.82960E-03	9.16480E-03	0.00000E+00	-3.89600E-04	5.74430E-04	-1.42650E-05	5.04790E-04	
4.75410E-01	1.86480E+02	8.54260E-03	8.78460E-03	0.00000E+00	-4.07370E-04	6.57680E-04	2.07250E-05	5.14020E-04	
4.85900E-01	1.90590E+02	8.26130E-03	8.42830E-03	0.00000E+00	-4.02130E-04	6.57500E-04	6.49550E-05	4.86400E-04	
4.96460E-01	1.94730E+02	7.97700E-03	8.07090E-03	0.00000E+00	-3.70000E-04	5.85400E-04	7.03970E-05	3.80330E-04	
5.07100E-01	1.98910E+02	7.69030E-03	7.70060E-03	0.00000E+00	-3.59320E-04	5.38030E-04	4.04060E-05	2.29170E-04	
5.17820E-01	2.03110E+02	7.40100E-03	7.33040E-03	0.00000E+00	-3.42040E-04	6.18270E-04	-3.71890E-06	2.02010E-04	
5.28600E-01	2.07340E+02	7.12500E-03	6.96290E-03	0.00000E+00	-3.43210E-04	7.79510E-04	-1.65660E-05	2.57840E-04	
5.39460E-01	2.11600E+02	6.86420E-03	6.59150E-03	0.00000E+00	-3.47080E-04	8.59330E-04	7.60530E-06	2.46530E-04	
5.50390E-01	2.15890E+02	6.60950E-03	6.22900E-03	0.00000E+00	-3.79160E-04	9.01430E-04	1.09970E-05	1.53890E-04	
5.61380E-01	2.20200E+02	6.36940E-03	5.89450E-03	0.00000E+00	-4.06700E-04	8.99480E-04	1.63070E-05	3.29150E-05	
5.72440E-01	2.24540E+02	6.13920E-03	5.58880E-03	0.00000E+00	-4.32310E-04	9.07200E-04	3.79490E-07	-7.37850E-05	
5.83570E-01	2.28900E+02	5.92360E-03	5.30400E-03	0.00000E+00	-4.33020E-04	9.80390E-04	-9.27670E-06	-8.29680E-05	
5.94760E-01	2.33290E+02	5.72260E-03	5.04020E-03	0.00000E+00	-4.16100E-04	1.02550E-03	2.52770E-07	-7.10530E-05	
6.06010E-01	2.37700E+02	5.53230E-03	4.79460E-03	0.00000E+00	-3.67260E-04	1.02550E-03	8.23420E-06	-7.32300E-05	
6.17320E-01	2.42140E+02	5.34850E-03	4.55800E-03	0.00000E+00	-3.21800E-04	1.04180E-03	1.45940E-05	-5.38000E-05	
6.28680E-01	2.46600E+02	5.17110E-03	4.31920E-03	0.00000E+00	-2.90390E-04	1.09120E-03	3.67460E-05	-1.67330E-05	
6.40100E-01	2.51080E+02	5.00290E-03	4.07900E-03	0.00000E+00	-3.08080E-04	1.20560E-03	5.60150E-05	3.19620E-05	
6.51580E-01	2.55580E+02	4.83630E-03	3.83920E-03	0.00000E+00	-3.51230E-04	1.34840E-03	6.14340E-05	5.92090E-05	
6.63110E-01	2.60100E+02	4.67820E-03	3.60010E-03	0.00000E+00	-4.36360E-04	1.42950E-03	6.52320E-05	-1.75980E-05	
6.74690E-01	2.64640E+02	4.53190E-03	3.36790E-03	0.00000E+00	-4.97350E-04	1.43110E-03	6.46490E-05	-1.67560E-04	
6.86320E-01	2.69200E+02	4.39090E-03	3.14870E-03	0.00000E+00	-5.33750E-04	1.43240E-03	4.23100E-05	-2.99480E-04	
6.97990E-01	2.73780E+02	4.25220E-03	2.94630E-03	0.00000E+00	-5.14940E-04	1.50510E-03	7.66990E-06	-3.09900E-04	
7.09720E-01	2.78380E+02	4.12120E-03	2.75590E-03	0.00000E+00	-4.94910E-04	1.61450E-03	-1.45450E-05	-2.58500E-04	
7.21480E-01	2.83000E+02	3.99810E-03	2.57480E-03	0.00000E+00	-4.69020E-04	1.68620E-03	-6.17500E-06	-2.13960E-04	
7.33290E-01	2.87630E+02	3.87870E-03	2.39630E-03	0.00000E+00	-4.73250E-04	1.68040E-03	2.29620E-05	-2.50830E-04	
7.45130E-01	2.92270E+02	3.75860E-03	2.21660E-03	0.00000E+00	-4.58110E-04	1.69270E-03	4.16910E-05	-2.67030E-04	
7.57020E-01	2.96940E+02	3.64170E-03	2.03780E-03	0.00000E+00	-4.51090E-04	1.72510E-03	5.53920E-05	-2.73330E-04	
7.68940E-01	3.01610E+02	3.52770E-03	1.85800E-03	0.00000E+00	-4.36060E-04	1.77860E-03	6.36980E-05	-2.64670E-04	
7.80900E-01	3.06300E+02	3.41850E-03	1.67610E-03	0.00000E+00	-4.40000E-04	1.85660E-03	6.24950E-05	-2.62340E-04	
7.92890E-01	3.11010E+02	3.31940E-03	1.50120E-03	0.00000E+00	-4.32830E-04	1.97060E-03	5.69430E-05	-2.24290E-04	
8.04910E-01	3.15720E+02	3.23170E-03	1.33590E-03	0.00000E+00	-4.38710E-04	2.10170E-03	5.03670E-05	-1.81720E-04	
8.16960E-01	3.20450E+02	3.15170E-03	1.17740E-03	0.00000E+00	-4.35300E-04	2.23000E-03	5.32190E-05	-1.27080E-04	
8.29040E-01	3.25190E+02	3.07190E-03	1.02500E-03	0.00000E+00	-4.46310E-04	2.36130E-03	4.40080E-05	-8.74540E-05	
8.41140E-01	3.29930E+02	2.99640E-03	8.82810E-04	0.00000E+00	-4.43110E-04	2.50990E-03	3.06300E-05	-1.66830E-05	
8.53270E-01	3.34690E+02	2.93340E-03	7.52770E-04	0.00000E+00	-4.48510E-04	2.63790E-03	3.07650E-05	3.99370E-05	
8.65420E-01	3.39460E+02	2.87910E-03	6.35550E-04	0.00000E+00	-4.40480E-04	2.72090E-03	2.92950E-05	6.57650E-05	
8.77590E-01	3.44230E+02	2.83230E-03	5.30060E-04	0.00000E+00	-4.38780E-04	2.76710E-03	3.55170E-05	6.19570E-05	
8.89780E-01	3.49010E+02	2.78780E-03	4.35210E-04	0.00000E+00	-4.19880E-04	2.81720E-03	4.98810E-05	9.41850E-05	
9.01980E-01	3.53800E+02	2.74330E-03	3.49220E-04	0.00000E+00	-4.04730E-04	2.87380E-03	5.39370E-05	1.29290E-04	
9.14200E-01	3.58590E+02	2.70410E-03	2.71380E-04	0.00000E+00	-3.76820E-04	2.91760E-03	5.65640E-05	1.64120E-04	
9.26440E-01	3.63390E+02	2.67320E-03	2.01520E-04	0.00000E+00	-3.64740E-04	2.94370E-03	5.77770E-05	1.65520E-04	
9.38680E-01	3.68190E+02	2.65070E-03	1.40660E-04	0.00000E+00	-3.52410E-04	2.97180E-03	5.83860E-05	1.67110E-04	
9.50930E-01	3.73000E+02	2.63740E-03	8.95890E-05	0.00000E+00	-3.61500E-04	3.01220E-03	6.39740E-05	1.67620E-04	
9.63190E-01	3.77810E+02	2.62860E-03	4.89030E-05	0.00000E+00	-3.60930E-04	3.06620E-03	7.21730E-05	1.96880E-04	
9.75460E-01	3.82620E+02	2.62380E-03	1.91090E-05	0.00000E+00	-3.69670E-04	3.10170E-03	8.55780E-05	2.13760E-04	
9.87730E-01	3.87430E+02	2.61820E-03	6.91260E-07	0.00000E+00	-3.68310E-04	3.12270E-03	9.42930E-05	2.30210E-04	
1.00000E+00	3.92240E+02	2.61550E-03	-5.61310E-06	0.00000E+00	-3.75910E-04	3.13240E-03	9.69760E-05	2.33170E-04	
