y	y+	Umean	dUmean/dy	Wmean	Pmean	dissip	produc	R_uu	R_vv	R_ww	R_uv	R_uw	R_vw	k
0	0	0	1994.756	0	0	0.270540051	0	0	0	0	0	0	0	0
1.21731E-06	0.00242824	0.002428239	1994.753572	9.85758E-07	0	0.270415654	1.5E-11	1.10262E-06	0	4.92208E-07	-1.5E-11	3.44E-10	0	7.97416E-07
6.08654E-06	0.01214116	0.012141123	1994.743855	4.92878E-06	-4E-12	0.269920876	1.909E-09	2.75585E-05	4E-12	1.22754E-05	-1.909E-09	8.598E-09	-1E-12	1.9917E-05
1.70422E-05	0.033995073	0.033994783	1994.721922	1.38005E-05	-2.32E-10	0.2688238	4.2011E-08	0.000215937	2.32E-10	9.57166E-05	-4.2011E-08	6.757E-08	-1.4E-11	0.000155827
3.65188E-05	0.072846088	0.072844751	1994.682331	2.95723E-05	-4.834E-09	0.266927118	4.15044E-07	0.000990581	4.834E-09	0.000435295	-4.15059E-07	3.11564E-07	-1.35E-10	0.000712941
6.69505E-05	0.133550024	0.133545468	1994.617333	5.42154E-05	-5.3567E-08	0.264094354	2.5734E-06	0.003324593	5.3567E-08	0.001441287	-2.57358E-06	1.05395E-06	-8.45E-10	0.002382967
0.000110772	0.220962325	0.220949442	1994.511628	8.97006E-05	-3.90451E-07	0.260274899	1.1757E-05	0.009083081	3.90451E-07	0.003861762	-1.17585E-05	2.91156E-06	-3.884E-09	0.006472617
0.000170416	0.339937983	0.339905368	1994.329792	0.000137998	-2.10663E-06	0.255518584	4.32932E-05	0.021444501	2.10663E-06	0.008879286	-4.33024E-05	6.975E-06	-1.4386E-08	0.015162947
0.000247099	0.492903211	0.492825986	1993.996412	0.00020009	-8.87539E-06	0.25005112	0.000133757	0.044953552	8.87539E-06	0.017993299	-0.000133807	1.48869E-05	-4.4606E-08	0.031477863
0.000340821	0.679855401	0.679679682	1993.365697	0.000275965	-3.03044E-05	0.244185565	0.000356128	0.085238795	3.03044E-05	0.032743189	-0.000356377	2.88246E-05	-1.18761E-07	0.059006144
0.00045158	0.900791367	0.900400955	1992.177324	0.000365602	-8.72371E-05	0.238156765	0.000840447	0.149088612	8.72371E-05	0.05458244	-0.000841534	5.16098E-05	-2.7912E-07	0.101879144
0.000579373	1.155707344	1.154859056	1990.007198	0.000468951	-0.00021866	0.232078587	0.001797624	0.244357944	0.00021866	0.08471657	-0.001801912	8.6768E-05	-5.92326E-07	0.164646587
0.000724198	1.444598987	1.442807479	1986.217023	0.000585923	-0.000489238	0.225922797	0.003542299	0.37976516	0.000489238	0.123974705	-0.003557525	0.000138548	-1.15498E-06	0.252114552
0.000886054	1.767461374	1.763809898	1979.914966	0.000716354	-0.000996024	0.219532041	0.00650673	0.564488876	0.000996024	0.17272801	-0.006555497	0.000211849	-2.09695E-06	0.369106455
0.001064937	2.124289002	2.117141328	1969.944738	0.00085998	-0.00187276	0.212677719	0.011234049	0.807470799	0.00187276	0.230862647	-0.011375531	0.000311998	-3.5802E-06	0.520103103
0.001260844	2.515075789	2.501669245	1954.921509	0.001016387	-0.003290567	0.205158788	0.018338245	1.11637714	0.003290567	0.297808507	-0.018711899	0.000444317	-5.79051E-06	0.708738107
0.001473771	2.939815076	2.915727281	1933.32693	0.001184973	-0.005454472	0.196913271	0.028422732	1.496280072	0.005454472	0.372617553	-0.029325805	0.000613502	-8.92054E-06	0.937176048
0.001703717	3.398499624	3.357001883	1903.661676	0.001364904	-0.008596103	0.188097139	0.041961016	1.948267368	0.008596103	0.454078046	-0.043968908	0.00082292	-1.31465E-05	1.205470758
0.001950675	3.891121617	3.822456824	1864.636176	0.001555082	-0.012963542	0.179091053	0.059159421	2.468309618	0.012963542	0.540845038	-0.063287695	0.001073963	-1.86063E-05	1.511059099
0.002214643	4.417672658	4.308319093	1815.365291	0.001754136	-0.018809779	0.170424458	0.079836657	3.046737816	0.018809779	0.631565343	-0.087725894	0.001365597	-2.53906E-05	1.848556469
0.002495615	4.978143774	4.810141593	1755.526887	0.001960432	-0.026381175	0.16264325	0.103359983	3.668573814	0.026381175	0.724977995	-0.117444979	0.001694116	-3.35544E-05	2.209966492
0.002793587	5.572525413	5.322944809	1685.450354	0.002172108	-0.035907012	0.156171074	0.128667473	4.314740553	0.035907012	0.819978115	-0.152279814	0.002053103	-4.31426E-05	2.58531284
0.003108554	6.200807446	5.841424807	1606.116863	0.002387137	-0.047590709	0.151213357	0.154382113	4.963940263	0.047590709	0.915641071	-0.191738529	0.002433667	-5.42134E-05	2.963586021
0.00344051	6.862979165	6.360202536	1519.073069	0.002603396	-0.061602762	0.147730735	0.178995269	5.59481974	0.061602762	1.011212211	-0.235045781	0.002825066	-6.68473E-05	3.333817356
0.00378945	7.559029285	6.874082677	1426.277614	0.002818746	-0.078075121	0.145478874	0.201075974	6.187998838	0.078075121	1.106073376	-0.281219676	0.003215714	-8.11479E-05	3.686073667
0.004155368	8.288945944	7.378290333	1329.910741	0.00303111	-0.097096677	0.144089757	0.219456983	6.72762027	0.097096677	1.199699802	-0.329167171	0.003594404	-9.72483E-05	4.012208374
0.004538257	9.052716703	7.868659978	1232.179945	0.003238531	-0.11870964	0.14316231	0.233359324	7.202238293	0.11870964	1.291619895	-0.37778146	0.003951377	-0.000115317	4.306283914
0.004938111	9.850328544	8.341761136	1135.149858	0.003439229	-0.142906856	0.142336129	0.242438132	7.605036071	0.142906856	1.38138668	-0.42602723	0.004278984	-0.000135549	4.564664804
0.005354924	10.68176788	8.794956423	1040.615082	0.003631635	-0.169630382	0.14133523	0.24675486	7.933493531	0.169630382	1.468564594	-0.47300446	0.004571939	-0.000158142	4.785844253
0.005788687	11.54702053	9.226397385	950.0236186	0.003814419	-0.198771693	0.139981866	0.2466968	8.188694526	0.198771693	1.552730494	-0.517986876	0.004827468	-0.00018325	4.970098356
0.006239394	12.44607175	9.634970465	864.4488634	0.003986514	-0.230173876	0.138188367	0.242871055	8.374467817	0.230173876	1.633484707	-0.560436097	0.005045494	-0.000210914	5.1190632
0.006707038	13.37890623	10.02020865	784.6013166	0.004147123	-0.263635938	0.135936894	0.235997613	8.49652079	0.263635938	1.710466982	-0.599995823	0.005228598	-0.000240934	5.235311855
0.007191609	14.34550806	10.38218446	710.8679224	0.004295701	-0.298919054	0.133255858	0.226818589	8.561670353	0.298919054	1.783372492	-0.636472113	0.005381344	-0.000272735	5.32198095
0.0076931	15.34586077	10.72139784	643.3668828	0.004431917	-0.335754365	0.130199227	0.216031931	8.577221749	0.335754365	1.851963996	-0.669805796	0.005509184	-0.000305328	5.382470055
0.008211503	16.37994732	11.03866894	582.0076767	0.004555598	-0.373851745	0.126831238	0.204250587	8.55050556	0.373851745	1.916078157	-0.700042261	0.005617369	-0.000337493	5.420217731
0.008746808	17.44775007	11.33504249	526.548608	0.004666677	-0.412908902	0.123216774	0.191983498	8.488557966	0.412908902	1.975625716	-0.727302524	0.005710339	-0.000368102	5.438546292
0.009299006	18.54925084	11.61170687	476.6470361	0.004765165	-0.452620232	0.119416937	0.179632668	8.397918182	0.452620232	2.030586565	-0.751758058	0.005791787	-0.000396349	5.44056249
0.009868088	19.68443085	11.86992858	431.9001765	0.00485115	-0.492684904	0.115487377	0.167500476	8.284517199	0.492684904	2.081002445	-0.773610478	0.005864418	-0.000421622	5.429102274
0.010454044	20.85327075	12.11100103	391.8767628	0.004924819	-0.532813836	0.111477064	0.155802551	8.153633566	0.532813836	2.126970182	-0.793075883	0.005929359	-0.000443238	5.406708792
0.011056864	22.05575062	12.33620645	356.140828	0.004986499	-0.572735381	0.107427211	0.14468285	8.009892048	0.572735381	2.168635665	-0.810373067	0.005986933	-0.000460452	5.375631547
0.011676539	23.29184998	12.54678897	324.2686513	0.005036684	-0.612199645	0.103372087	0.134228691	7.85728497	0.612199645	2.206185191	-0.825714893	0.006038459	-0.000472881	5.337834903
0.012313056	24.56154774	12.74393699	295.8599365	0.005076018	-0.650981503	0.099341612	0.124484377	7.699206186	0.650981503	2.23983329	-0.839302348	0.006086144	-0.00048096	5.295010489
0.012966407	25.86482229	12.92877283	270.5443709	0.005105199	-0.688882394	0.09536237	0.115462808	7.538496778	0.688882394	2.269810449	-0.851321074	0.006130565	-0.000485989	5.24859481
0.013636578	27.2016514	13.10234791	247.9847235	0.005124877	-0.725731066	0.091457034	0.10715492	7.377497559	0.725731066	2.296353021	-0.861939884	0.006170936	-0.00048974	5.199790823
0.01432356	28.57201229	13.26564171	227.877214	0.005135587	-0.761383412	0.087645225	0.099536887	7.218101614	0.761383412	2.319694956	-0.871310519	0.006207066	-0.000493836	5.149589991
0.01502734	29.97588161	13.41956314	209.9498203	0.00513777	-0.795721577	0.083943444	0.092575354	7.061810918	0.795721577	2.340061396	-0.879568535	0.006238779	-0.00049944	5.098796945
0.015747906	31.41323543	13.56495289	193.9591584	0.005131865	-0.828652577	0.080364828	0.086231004	6.909794666	0.828652577	2.357664107	-0.8868353	0.006267249	-0.000507275	5.048055675
0.016485246	32.88404926	13.70258577	179.6869368	0.005118462	-0.860106565	0.076919348	0.08046097	6.762942921	0.860106565	2.372698642	-0.893220298	0.006296909	-0.00051741	4.997874064
0.017239347	34.38829803	13.83317296	166.9372699	0.005098417	-0.890034865	0.073613552	0.075220722	6.621912781	0.890034865	2.385344408	-0.898822683	0.006333223	-0.000529262	4.948646027
0.018010197	35.9259561	13.95736472	155.5353649	0.005072805	-0.91840784	0.070451268	0.070465895	6.487164931	0.91840784	2.395768968	-0.903731999	0.006380286	-0.000542434	4.900670869
0.018797783	37.49699727	14.07575422	145.3268945	0.005042693	-0.945212674	0.067433769	0.066153898	6.358995054	0.945212674	2.404132752	-0.908028109	0.006441267	-0.000557176	4.85417024
0.01960209	39.10139477	14.18888229	136.1760708	0.005009015	-0.970451268	0.064560227	0.062244565	6.237560726	0.970451268	2.410586944	-0.911780922	0.006517652	-0.000573589	4.809299469
0.020423106	40.73912125	14.29724143	127.9620338	0.004972628	-0.994138334	0.061829128	0.058699801	6.12290073	0.994138334	2.415271875	-0.915051172	0.006607405	-0.000590594	4.76615547
0.021260816	42.41014881	14.40127844	120.5764213	0.004934358	-1.016299599	0.059237716	0.055483575	6.014956718	1.016299599	2.41832045	-0.917892754	0.006705603	-0.000606274	4.724788383
0.022115206	44.11444895	14.50139746	113.9237649	0.004895028	-1.036970048	0.056781754	0.052562889	5.913596352	1.036970048	2.419859042	-0.920353762	0.006803943	-0.000619374	4.685212721
0.022986262	45.85199265	14.59796414	107.9204148	0.004855431	-1.056192283	0.05445633	0.049907869	5.818628854	1.056192283	2.420007229	-0.922476485	0.006889929	-0.000630045	4.647414183
0.023873968	47.62275028	14.69130865	102.4913174	0.004816256	-1.074015064	0.052256023	0.04749083	5.729824451	1.074015064	2.418875604	-0.924299145	0.006952613	-0.00063911	4.61135756
0.02477831	49.42669167	14.7817275	97.56914012	0.004778069	-1.090492074	0.050174503	0.045286239	5.646933784	1.090492074	2.4165649	-0.925856375	0.006987975	-0.000647356	4.576995379
0.025699272	51.26378607	14.86948613	93.09481348	0.004741315	-1.105680846	0.048204766	0.043271185	5.569686384	1.105680846	2.413171813	-0.927177996	0.006997327	-0.000654573	4.544269521
0.026636838	53.13400218	14.95482223	89.01674302	0.004706391	-1.11964183	0.04634107	0.041425233	5.497785307	1.11964183	2.408789118	-0.928288649	0.006984047	-0.000659213	4.513108128
0.027590992	55.03730812	15.03794835	85.2893017	0.004673711	-1.132437521	0.044578727	0.039729964	5.430923732	1.132437521	2.403501374	-0.92920885	0.00695468	-0.000659561	4.483431313
0.028561719	56.97367147	15.1190541	81.87217975	0.004643737	-1.144131516	0.042911319	0.038168854	5.368803748	1.144131516	2.397391911	-0.929956092	0.006914793	-0.000655201	4.455163588
0.029549001	58.9430592	15.19830849	78.73044002	0.004616901	-1.154787656	0.041332364	0.036727431	5.311129992	1.154787656	2.390543893	-0.930545295	0.006861075	-0.000647145	4.428230771
0.030552823	60.94543777	15.27586278	75.8343181	0.004593292	-1.164469361	0.039837432	0.035393279	5.257601583	1.164469361	2.38303174	-0.930989209	0.006784657	-0.000636327	4.402551342
0.031573165	62.98077305	15.35185298	73.15776834	0.00457265	-1.173239009	0.038420567	0.034155476	5.20792252	1.173239009	2.374920534	-0.931299823	0.00668523	-0.000622237	4.378041031
0.032610012	65.04903035	15.42640105	70.67722535	0.004554751	-1.181157305	0.037077245	0.033004119	5.161802833	1.181157305	2.366264862	-0.931490138	0.006575646	-0.000604363	4.3546125
0.033663346	67.15017443	15.49961567	68.37117132	0.004539659	-1.188282818	0.035802536	0.031930124	5.118965218	1.188282818	2.357120795	-0.931573599	0.006468242	-0.000583061	4.332184416
0.034733148	69.28416947	15.57159253	66.21949628	0.00452763	-1.194671774	0.034591657	0.030924902	5.079150084	1.194671774	2.34755133	-0.931562584	0.006370638	-0.000558598	4.310686594
0.035819401	71.4509791	15.64241455	64.20380678	0.00451873	-1.200378009	0.033440694	0.029980536	5.042129118	1.200378009	2.33761279	-0.931468559	0.006287642	-0.000531202	4.290059958
0.036922086	73.65056641	15.71215351	62.30955957	0.004512537	-1.205452926	0.032345624	0.029090818	5.00769829	1.205452926	2.327353262	-0.931302713	0.006223023	-0.00050325	4.270252239
0.038041184	75.88289389	15.780874	60.52672654	0.004508395	-1.209945426	0.03130348	0.028251495	4.975649296	1.209945426	2.316817311	-0.931073414	0.006173806	-0.00047743	4.251206016
0.039176676	78.14792352	15.84863622	58.84680259	0.004505955	-1.213901762	0.03031144	0.027458875	4.945770287	1.213901762	2.306047327	-0.930785496	0.006128103	-0.000453967	4.232859688
0.040328542	80.44561668	15.91549592	57.26125073	0.004505189	-1.217365373	0.029366547	0.026709167	4.917859183	1.217365373	2.295082324	-0.930441908	0.006076858	-0.000431774	4.21515344
0.041496764	82.77593423	15.98150367	55.76123857	0.004505839	-1.220376812	0.02846534	0.025998392	4.891733525	1.220376812	2.283960604	-0.930044689	0.006017751	-0.000409645	4.19803547
0.042681321	85.13883643	16.04670387	54.33779015	0.0045072	-1.222973836	0.027604669	0.025322508	4.867237642	1.222973836	2.272716064	-0.929596477	0.005953089	-0.000385952	4.181463771
0.043882192	87.53428304	16.11113485	52.98315673	0.004508509	-1.225191559	0.026782188	0.024678047	4.844237935	1.225191559	2.261378224	-0.929100453	0.005886871	-0.000359702	4.165403859
0.045099359	89.96223321	16.17482978	51.6905024	0.004509291	-1.227062554	0.025995256	0.024061937	4.822608357	1.227062554	2.249977514	-0.928559035	0.005822096	-0.000331869	4.149824213
0.046332799	92.42264558	16.23781716	50.45409224	0.004509588	-1.228616985	0.025241901	0.023471604	4.80222122	1.228616985	2.238541753	-0.927974506	0.005759476	-0.000303491	4.134689979
0.047582491	94.91547821	16.30012293	49.27091586	0.004510047	-1.229882697	0.024520794	0.0229057	4.782943751	1.229882697	2.227095359	-0.927347692	0.005697376	-0.000273708	4.119960904
0.048848416	97.44068862	16.36177275	48.13857118	0.004511658	-1.230885173	0.023830328	0.0223631	4.764652806	1.230885173	2.215654507	-0.926677228	0.005632654	-0.000240139	4.105596243
0.05013055	99.99823377	16.42279079	47.05325846	0.00451542	-1.231647622	0.023168807	0.021842077	4.747246322	1.231647622	2.204226796	-0.925963616	0.005565968	-0.000202298	4.09156037
0.051428872	102.5880701	16.48319956	46.01301033	0.004521969	-1.232191236	0.022534347	0.021341782	4.730631121	1.232191236	2.192818526	-0.925208774	0.005501317	-0.000164129	4.077820442
0.05274336	105.2101534	16.54302196	45.01594755	0.004531389	-1.232535489	0.021925469	0.02086136	4.714717297	1.232535489	2.181441149	-0.92441281	0.005445456	-0.000131438	4.064346968
0.054073991	107.8644391	16.60227853	44.05728294	0.004543495	-1.232698373	0.021340494	0.020398615	4.69942358	1.232698373	2.17011424	-0.923576168	0.005403032	-0.000107336	4.051118096
0.055420744	110.5508818	16.66098529	43.13265367	0.004558001	-1.232696525	0.020777983	0.019951574	4.68467962	1.232696525	2.158855982	-0.922700419	0.005368999	-9.32539E-05	4.038116063
0.056783594	113.2694359	16.71915519	42.23918984	0.004574652	-1.232545294	0.020237262	0.019518994	4.670424777	1.232545294	2.147675539	-0.92178915	0.005333871	-8.89073E-05	4.025322805
0.058162519	116.020055	16.77679988	41.37560398	0.004593506	-1.23225878	0.019717683	0.019100368	4.656611091	1.23225878	2.136586044	-0.920846222	0.005292102	-9.26635E-05	4.012727957
0.059557495	118.8026921	16.83393157	40.54141356	0.004614628	-1.231849694	0.019217959	0.018695494	4.643198323	1.231849694	2.125612815	-0.919872793	0.005248243	-0.000103989	4.000330416
0.060968498	121.6173	16.8905625	39.7349736	0.004637821	-1.231329294	0.018736759	0.018303601	4.630147642	1.231329294	2.114770832	-0.918868475	0.005209063	-0.000120603	3.988123884
0.062395504	124.4638305	16.94670335	38.95384402	0.004662707	-1.230707743	0.018273203	0.017923569	4.617428287	1.230707743	2.104062237	-0.917833637	0.005169675	-0.000137356	3.976099133
0.06383849	127.3422353	17.00236228	38.19516112	0.004688646	-1.229994419	0.017826008	0.017554124	4.605014313	1.229994419	2.093489249	-0.916770653	0.005120654	-0.000151234	3.964248991
0.06529743	130.2524652	17.05754466	37.45669324	0.004714966	-1.229198142	0.017394446	0.017194292	4.592863773	1.229198142	2.083046767	-0.915682247	0.00506336	-0.00016172	3.952554341
0.0667723	133.1944707	17.11225525	36.73849357	0.004741228	-1.228326942	0.016978379	0.0168441	4.580928436	1.228326942	2.072717936	-0.914568973	0.005010557	-0.000171132	3.940986657
0.068263074	136.1682016	17.1665012	36.04191591	0.004767212	-1.227387663	0.016577212	0.016504135	4.569164849	1.227387663	2.062492312	-0.913429343	0.004978027	-0.000183003	3.929522412
0.069769727	139.1736072	17.22029138	35.36609361	0.004792828	-1.226385943	0.016190117	0.016174002	4.557535666	1.226385943	2.052368933	-0.912263916	0.00497454	-0.000199757	3.918145271
0.071292233	142.2106363	17.27363364	34.70996018	0.004817706	-1.225326539	0.015816313	0.015853257	4.546014447	1.225326539	2.042346912	-0.91107574	0.004998688	-0.000221376	3.906843949
0.072830567	145.2792372	17.32653606	34.07306875	0.004840964	-1.224213719	0.015455174	0.015541696	4.53457974	1.224213719	2.032425118	-0.90986563	0.005041295	-0.000245885	3.895609289
0.074384701	148.3793576	17.37900613	33.45406353	0.004861693	-1.223051345	0.015105699	0.015238682	4.523210281	1.223051345	2.022604851	-0.908633317	0.00509118	-0.000271143	3.884433238
0.075954611	151.5109446	17.43105045	32.85194789	0.004879319	-1.221842888	0.014767855	0.014943745	4.511879282	1.221842888	2.012883695	-0.907378516	0.005138657	-0.000294505	3.873302933
0.077540268	154.6739448	17.48267451	32.26523216	0.004893515	-1.220591553	0.014441373	0.01465622	4.500562686	1.220591553	2.00327339	-0.906102576	0.005179688	-0.000312712	3.862213815
0.079141647	157.8683044	17.53388264	31.69323472	0.004904223	-1.219300323	0.014126077	0.014375784	4.489242899	1.219300323	1.993797606	-0.904805278	0.005213429	-0.000323652	3.851170414
0.080758719	161.0939689	17.58467964	31.13594244	0.004911575	-1.21797196	0.013821184	0.014102379	4.477919324	1.21797196	1.984469082	-0.90348398	0.005236039	-0.000327889	3.840180183
0.082391456	164.3508833	17.63507019	30.59226981	0.004915874	-1.216608879	0.013526116	0.013835453	4.466591097	1.216608879	1.97528683	-0.902135444	0.005241264	-0.000327566	3.829243403
0.084039833	167.6389922	17.68505751	30.06098174	0.004917729	-1.215212834	0.013240626	0.013574422	4.455251068	1.215212834	1.966240538	-0.900758268	0.005229299	-0.000326101	3.81835222
0.085703819	170.9582395	17.7346448	29.54271327	0.00491775	-1.213785094	0.012964034	0.013319589	4.443899082	1.213785094	1.957317908	-0.899353871	0.005209108	-0.000326784	3.807501042
0.087383387	174.3085686	17.78383762	29.03827557	0.004916323	-1.212326898	0.012695807	0.013071346	4.432526672	1.212326898	1.948515156	-0.897924284	0.005192127	-0.000330076	3.796684363
0.089078508	177.6899225	17.83264254	28.54759781	0.004913892	-1.210839584	0.012435926	0.012829653	4.421111035	1.210839584	1.939829847	-0.896469723	0.005190386	-0.00033418	3.785890233
0.090789154	181.1022434	17.88106697	28.07075578	0.004911118	-1.20932454	0.012184002	0.012594506	4.409625952	1.20932454	1.931247206	-0.894988293	0.005213092	-0.000337579	3.775098849
0.092515294	184.5454733	17.92911817	27.60657959	0.004908684	-1.207783039	0.011939919	0.012365371	4.398061873	1.207783039	1.922741682	-0.893479907	0.005255459	-0.000337292	3.764293297
0.0942569	188.0195535	17.97680081	27.15267727	0.004906747	-1.206216485	0.011703368	0.012141195	4.386426019	1.206216485	1.914306913	-0.891946614	0.005305372	-0.000329568	3.753474709
0.096013943	191.5244247	18.02411618	26.70735854	0.004904943	-1.204626681	0.01147356	0.011921277	4.37472329	1.204626681	1.905948148	-0.890393006	0.005355625	-0.000311453	3.74264906
0.097786391	195.0600273	18.07106511	26.27129459	0.0049029	-1.203015484	0.011250605	0.011705946	4.362950118	1.203015484	1.897655176	-0.888821909	0.005398021	-0.000285332	3.731810389
0.099574215	198.6263009	18.11765089	25.84551962	0.004899946	-1.201384497	0.011034348	0.01149563	4.351113086	1.201384497	1.889413683	-0.88723181	0.005415842	-0.000256116	3.720955633
0.101377385	202.2231849	18.16387798	25.42992252	0.004894682	-1.199734816	0.010824351	0.011290271	4.339218723	1.199734816	1.881214875	-0.885622914	0.005395084	-0.000226716	3.710084207
0.103195869	205.8506178	18.20975173	25.02528365	0.00488548	-1.198066889	0.010620595	0.011090229	4.327259921	1.198066889	1.873058331	-0.883997357	0.00533876	-0.000200786	3.699192571
0.105029637	209.508538	18.25527927	24.63157856	0.004870983	-1.196380973	0.010422693	0.010895483	4.315235747	1.196380973	1.864953195	-0.882355655	0.00525694	-0.000179143	3.688284957
0.106878657	213.196883	18.30046643	24.24734421	0.004850199	-1.194677351	0.010230317	0.010705392	4.303159896	1.194677351	1.856906226	-0.880699679	0.005162376	-0.000164171	3.677371736
0.108742898	216.9155899	18.34531831	23.87306974	0.004822567	-1.192955952	0.010043091	0.010520195	4.29104818	1.192955952	1.848924584	-0.879032651	0.005072638	-0.000157319	3.666464358
0.110622329	220.6645955	18.38984304	23.51063625	0.004788021	-1.191216206	0.009861122	0.010340707	4.278894078	1.191216206	1.84101318	-0.877355096	0.005001217	-0.00015415	3.655561732
0.112516916	224.4438358	18.43405276	23.16154723	0.004746682	-1.189457297	0.009684045	0.01016751	4.266668548	1.189457297	1.833177023	-0.875662146	0.004941781	-0.000149495	3.644651434
0.114426628	228.2532464	18.47796049	22.82411127	0.004699026	-1.187678368	0.009512088	0.009999761	4.25435176	1.187678368	1.825414104	-0.873947372	0.004876202	-0.000139624	3.633722116
0.116351433	232.0927624	18.52157399	22.4947468	0.004645757	-1.185878649	0.009344905	0.009835845	4.241954814	1.185878649	1.817724159	-0.872207999	0.004797011	-0.000125486	3.622778811
0.118291297	235.9623183	18.56489522	22.17044659	0.004586766	-1.184057692	0.009182021	0.009674433	4.229490557	1.184057692	1.810114202	-0.870443381	0.004714604	-0.00010924	3.611831225
0.120246187	239.8618482	18.60792113	21.84922387	0.004521393	-1.182215454	0.009022927	0.009514662	4.216955292	1.182215454	1.802580075	-0.868653771	0.004640523	-9.32177E-05	3.60087541
0.12221607	243.7912857	18.65064795	21.53204371	0.00444921	-1.180352321	0.008868102	0.009356959	4.204334054	1.180352321	1.795094666	-0.866839597	0.00456276	-8.05933E-05	3.58989052
0.124200913	247.7505638	18.69307482	21.22010077	0.004369726	-1.178469228	0.008717191	0.009201838	4.191631571	1.178469228	1.787651626	-0.865000403	0.004458703	-7.38709E-05	3.578876213
0.126200682	251.739615	18.73520262	20.91397322	0.004282167	-1.176567488	0.00856981	0.009049558	4.178852617	1.176567488	1.780268707	-0.863137316	0.00432042	-7.55005E-05	3.567844406
0.128215342	255.7583713	18.77703335	20.61360349	0.004186014	-1.174648319	0.008426095	0.008900138	4.165982458	1.174648319	1.772962622	-0.861255237	0.004155145	-8.67595E-05	3.556796699
0.130244859	259.8067642	18.8185683	20.31858488	0.004081442	-1.172712598	0.008286031	0.008753453	4.153014525	1.172712598	1.765735435	-0.85935992	0.003973335	-0.000106763	3.545731279
0.1322892	263.8847248	18.85981028	20.03053187	0.003969421	-1.170760801	0.008149435	0.008610191	4.139944447	1.170760801	1.758586205	-0.857451724	0.003790782	-0.000131682	3.534645727
0.134348328	267.9921836	18.9007654	19.75010086	0.00385106	-1.168793464	0.008016013	0.008470586	4.126764176	1.168793464	1.751517041	-0.855526929	0.003615881	-0.000159366	3.523537341
0.136422208	272.1290704	18.9414402	19.47740648	0.003727274	-1.166811651	0.007886052	0.008334638	4.113463282	1.166811651	1.74450928	-0.853582148	0.003452811	-0.000191857	3.512392106
0.138510807	276.2953149	18.98184316	19.21335799	0.003599429	-1.164816438	0.007759702	0.008202714	4.100038892	1.164816438	1.737541626	-0.851616587	0.003305636	-0.000229438	3.501198478
0.140614087	280.4908461	19.02198241	18.95598814	0.003468619	-1.162807988	0.007636502	0.008074009	4.086514927	1.162807988	1.730605527	-0.849635561	0.003168574	-0.000267388	3.489964221
0.142732012	284.7155924	19.06186043	18.70247617	0.003334917	-1.160785152	0.007516319	0.007947385	4.072925955	1.160785152	1.723693499	-0.847647129	0.003036639	-0.000301055	3.478702303
0.144864548	288.9694818	19.10147695	18.45296297	0.003197816	-1.158745889	0.007398952	0.007822945	4.059288879	1.158745889	1.716809483	-0.845656958	0.002915004	-0.000327906	3.467422125
0.147011658	293.2524418	19.14083392	18.20865465	0.003056951	-1.156687913	0.007284166	0.007701179	4.04559813	1.156687913	1.709964705	-0.843663857	0.00281106	-0.000347097	3.456125374
0.149173304	297.5643996	19.17993539	17.97010004	0.002912412	-1.154609272	0.007171732	0.007582255	4.031846026	1.154609272	1.703160996	-0.841662511	0.002725179	-0.000364097	3.444808147
0.15134945	301.9052814	19.21878661	17.73751661	0.002764058	-1.152508657	0.007061968	0.00746617	4.0180182	1.152508657	1.696388732	-0.839643788	0.002648881	-0.000387207	3.433457795
0.15354006	306.2750135	19.25739158	17.50905327	0.002610912	-1.150385199	0.00695498	0.007352082	4.004111511	1.150385199	1.689644307	-0.837602194	0.002579463	-0.000419212	3.422070508
0.155745095	310.6735212	19.29574964	17.28290294	0.002452778	-1.148238393	0.006850408	0.007239225	3.990154317	1.148238393	1.682932696	-0.835537088	0.00251795	-0.000454401	3.410662703
0.157964518	315.1007298	19.33385879	17.05929072	0.002291168	-1.146068333	0.006747896	0.007127675	3.976158357	1.146068333	1.676271376	-0.833446282	0.002455264	-0.000486896	3.399249033
0.160198291	319.5565636	19.37171842	16.83908063	0.002128124	-1.143875645	0.006647411	0.007017789	3.962115822	1.143875645	1.66966442	-0.831329012	0.002369977	-0.00051406	3.387827943
0.162446377	324.0409468	19.40933071	16.62368003	0.001964864	-1.141661056	0.006549103	0.00691016	3.948003539	1.141661056	1.663106411	-0.829186499	0.002235349	-0.00053318	3.376385503
0.164708737	328.5538029	19.44670089	16.41388064	0.001801187	-1.139425035	0.006452948	0.006805125	3.933794987	1.139425035	1.656592367	-0.8270207	0.002042147	-0.000543777	3.364906194
0.166985331	333.095055	19.4838337	16.20813197	0.001636062	-1.137167901	0.006359055	0.00670205	3.919492086	1.137167901	1.650105844	-0.82483375	0.001807997	-0.000546055	3.353382915
0.169276123	337.6646258	19.52072928	16.00453342	0.001467902	-1.134889595	0.006267317	0.006600207	3.905126599	1.134889595	1.643649041	-0.822633566	0.001556465	-0.000539564	3.341832618
0.171581072	342.2624374	19.5573874	15.80480393	0.001294988	-1.132589327	0.006177477	0.006500351	3.890727901	1.132589327	1.637248237	-0.820426581	0.001307973	-0.000525745	3.330282733
0.173900139	346.8884113	19.59381462	15.61205552	0.001116483	-1.130266097	0.006089358	0.006403733	3.876303197	1.130266097	1.630916802	-0.818210878	0.001075027	-0.000506458	3.318743048
0.176233285	351.5424688	19.63002151	15.42606816	0.000932629	-1.127919523	0.00600288	0.006310177	3.861840151	1.127919523	1.62463539	-0.815977819	0.000861883	-0.000485971	3.307197532
0.178580469	356.2245306	19.66601607	15.24525214	0.000744699	-1.125549918	0.005918144	0.006218973	3.847311316	1.125549918	1.618375131	-0.813721779	0.000669243	-0.000470256	3.295618182
0.180941653	360.9345168	19.70180239	15.06736737	0.000554814	-1.123158255	0.005835272	0.006129199	3.832698534	1.123158255	1.612118568	-0.811443125	0.000492913	-0.000460421	3.283987679
0.183316796	365.6723472	19.73737987	14.89149993	0.000364693	-1.120746379	0.00575397	0.006040506	3.817999143	1.120746379	1.605872856	-0.809145339	0.000331103	-0.000453344	3.272309189
0.185705856	370.437941	19.77275033	14.71977558	0.000175021	-1.118316317	0.005674616	0.00595376	3.803198031	1.118316317	1.599654993	-0.806829584	0.000179094	-0.000445741	3.260584671
0.188108794	375.2312171	19.80791816	14.55145216	-1.40529E-05	-1.115869175	0.005596766	0.005868658	3.788299176	1.115869175	1.593472995	-0.804496602	2.9457E-05	-0.000436612	3.248820673
0.190525569	380.0520937	19.84288467	14.38573021	-0.000202266	-1.113404599	0.005520194	0.005784899	3.77332062	1.113404599	1.58732442	-0.802150173	-0.000125464	-0.000430007	3.237024819
0.192956139	384.9004887	19.87765156	14.22280624	-0.000389038	-1.11092103	0.00544506	0.005702586	3.758266796	1.11092103	1.581208223	-0.799794448	-0.000276184	-0.00043094	3.225198024
0.195400463	389.7763194	19.9122198	14.06235972	-0.000573732	-1.108417002	0.005371315	0.005621603	3.743156516	1.108417002	1.575119159	-0.79743223	-0.000406226	-0.000441441	3.213346338
0.197858499	394.6795028	19.94659227	13.9060046	-0.00075642	-1.105891818	0.00529888	0.005542589	3.728013737	1.105891818	1.569063531	-0.795064172	-0.000521376	-0.000456702	3.201484543
0.200330206	399.6099553	19.98077506	13.75402115	-0.000936795	-1.10334555	0.005227593	0.005465633	3.712834414	1.10334555	1.563049301	-0.792688892	-0.000640856	-0.000466983	3.189614632
0.20281554	404.5675928	20.01477318	13.60572533	-0.001113356	-1.100778802	0.005157636	0.00539042	3.697591056	1.100778802	1.557078368	-0.79030185	-0.000775136	-0.000466073	3.177724113
0.205314461	409.5523309	20.04859146	13.46140629	-0.001284595	-1.098192339	0.005088946	0.005317006	3.68226565	1.098192339	1.551145535	-0.78789598	-0.000919752	-0.000453272	3.165801762
0.207826925	414.5640847	20.08223576	13.32129083	-0.001449976	-1.095586866	0.005021727	0.00524542	3.666849444	1.095586866	1.545232734	-0.785464041	-0.001056525	-0.000430344	3.153834522
0.21035289	419.6027686	20.11571101	13.18397661	-0.001610037	-1.092962938	0.004955667	0.005175086	3.651346827	1.092962938	1.539327985	-0.783003905	-0.001157706	-0.000401665	3.141818875
0.212892312	424.6682969	20.14901645	13.04669775	-0.001765657	-1.090320559	0.004890938	0.005104955	3.635784354	1.090320559	1.533417883	-0.78052088	-0.001213537	-0.000371708	3.129761399
0.215445148	429.7605832	20.18214595	12.90832206	-0.001917969	-1.087659056	0.004827493	0.005034635	3.620204186	1.087659056	1.527499045	-0.778022011	-0.001241816	-0.000344785	3.117681144
0.218011355	434.8795407	20.21509325	12.76968445	-0.00206847	-1.084977716	0.004765242	0.004964489	3.604635574	1.084977716	1.521577812	-0.775512006	-0.001264466	-0.000320767	3.105595552
0.220590889	440.0250822	20.24785545	12.63255677	-0.002218999	-1.082276317	0.004703944	0.004895207	3.589095035	1.082276317	1.515675659	-0.772990699	-0.001300561	-0.000297113	3.093523506
0.223183705	445.19712	20.28043627	12.50025004	-0.002371203	-1.079555334	0.00464367	0.004828053	3.573572808	1.079555334	1.509812194	-0.77045584	-0.001364945	-0.00027399	3.081470168
0.225789761	450.395566	20.3128474	12.37452035	-0.00252584	-1.076815952	0.004584516	0.004763657	3.558026167	1.076815952	1.503977434	-0.767902936	-0.001460794	-0.000253989	3.069409776
0.228409011	455.6203315	20.34509915	12.25262608	-0.002682352	-1.074059275	0.004526397	0.004700948	3.542404828	1.074059275	1.498152123	-0.765332177	-0.001581803	-0.000236964	3.057308113
0.231041411	460.8713275	20.37719413	12.13227427	-0.002839226	-1.071285474	0.004469373	0.004639059	3.526680127	1.071285474	1.492322502	-0.762747397	-0.001713808	-0.000222258	3.045144052
0.233686915	466.1484646	20.40913222	12.01324577	-0.00299591	-1.068493997	0.004413288	0.004577913	3.510871456	1.068493997	1.486500078	-0.760150261	-0.001834496	-0.000213811	3.032932766
0.236345479	471.4516527	20.44091415	11.8963116	-0.003153129	-1.065683884	0.004357944	0.004517808	3.495035887	1.065683884	1.480695796	-0.757542616	-0.001920745	-0.000215331	3.020707784
0.239017058	476.7808016	20.47254095	11.78018393	-0.003311499	-1.062854211	0.004303488	0.004458257	3.4792075	1.062854211	1.47490514	-0.754925014	-0.00197988	-0.000227133	3.008483425
0.241701606	482.1358204	20.50400945	11.66428679	-0.003471799	-1.060004659	0.0042501	0.004399046	3.463383575	1.060004659	1.46913023	-0.752298216	-0.002034487	-0.000244933	2.996259232
0.244399077	487.5166177	20.53531851	11.5495732	-0.003635165	-1.057135098	0.004197269	0.004340511	3.447558673	1.057135098	1.463382014	-0.749659058	-0.002092907	-0.000265398	2.984037892
0.247109425	492.923102	20.56646727	11.43585999	-0.003801333	-1.054245361	0.004145131	0.004282572	3.43173347	1.054245361	1.457646533	-0.747006289	-0.002160268	-0.000285122	2.971812682
0.249832604	498.3551811	20.59745722	11.32489266	-0.003968537	-1.051335621	0.004094073	0.004225911	3.415910411	1.051335621	1.451902082	-0.744344635	-0.002247945	-0.000300593	2.959574058
0.252568568	503.8127624	20.62829252	11.21605493	-0.004134152	-1.048406661	0.004043911	0.004170316	3.400095612	1.048406661	1.446145196	-0.741679199	-0.002356884	-0.000309423	2.947323734
0.25531727	509.295753	20.65897319	11.10793854	-0.004295384	-1.045458986	0.003994313	0.004115264	3.384294175	1.045458986	1.440383803	-0.739011304	-0.002469751	-0.000313769	2.935068482
0.258078663	514.8040592	20.68949852	11.0009506	-0.004449838	-1.042492088	0.003945229	0.004060905	3.368497456	1.042492088	1.434627216	-0.736341528	-0.00257169	-0.000321195	2.92280838
0.2608527	520.3375874	20.71986786	10.89464281	-0.004595692	-1.03950495	0.003897051	0.004007042	3.35267019	1.03950495	1.428872146	-0.733664692	-0.002662772	-0.000333914	2.910523643
0.263639334	525.8962431	20.7500806	10.789917	-0.004732008	-1.036497191	0.003849897	0.003953971	3.336766694	1.036497191	1.423106587	-0.73097422	-0.002750651	-0.000345565	2.898185235
0.266438517	531.4799317	20.78014051	10.68829473	-0.004858143	-1.033469589	0.003803544	0.003902228	3.320761647	1.033469589	1.417333906	-0.728266969	-0.002838919	-0.000351563	2.885782571
0.269250202	537.088558	20.81005257	10.58907196	-0.004973417	-1.030423436	0.003757822	0.003851573	3.30467679	1.030423436	1.411580001	-0.725547875	-0.002914754	-0.000353747	2.873340113
0.272074341	542.7220264	20.83982037	10.49252627	-0.005078512	-1.027359396	0.003712706	0.003802109	3.288536702	1.027359396	1.405879053	-0.722819496	-0.002965231	-0.000352354	2.860887575
0.274910885	548.3802408	20.86944955	10.39900598	-0.005175857	-1.024277439	0.003668166	0.003753937	3.27234256	1.024277439	1.400247137	-0.720079524	-0.002992268	-0.000348499	2.848433568
0.277759786	554.063105	20.89894473	10.3077394	-0.005267206	-1.021177205	0.003624398	0.003706746	3.25610359	1.021177205	1.394661998	-0.717322985	-0.003012824	-0.000344474	2.835971397
0.280620996	559.7705219	20.92830833	10.21768818	-0.005352052	-1.018058018	0.003581258	0.003660136	3.239855876	1.018058018	1.389092791	-0.71454522	-0.003052106	-0.000343785	2.823503343
0.283494466	565.5023944	20.95753937	10.12792209	-0.005429151	-1.014918921	0.003538957	0.003613787	3.223640491	1.014918921	1.383523589	-0.711749237	-0.003113229	-0.000347572	2.8110415
0.286380147	571.2586248	20.98663696	10.03927581	-0.005499114	-1.011758921	0.003497392	0.003568024	3.207487671	1.011758921	1.377951708	-0.708940357	-0.003181725	-0.00035363	2.79859915
0.28927799	577.0391149	21.01560234	9.951943745	-0.005563323	-1.008577921	0.00345645	0.003522933	3.19137828	1.008577921	1.372373887	-0.706122872	-0.003246932	-0.00035954	2.786165044
0.292187945	582.8437663	21.04443629	9.865845971	-0.005621749	-1.00537678	0.003416126	0.003478498	3.175265148	1.00537678	1.366773136	-0.703300344	-0.003302606	-0.00036127	2.773707533
0.295109962	588.6724801	21.07314127	9.782063819	-0.005673778	-1.002156194	0.003376325	0.003435088	3.15912655	1.002156194	1.361145566	-0.700471339	-0.003346087	-0.000359905	2.761214155
0.298043993	594.5251568	21.10172292	9.701305542	-0.005720195	-0.998916104	0.003336946	0.003392919	3.142949167	0.998916104	1.355512967	-0.69763133	-0.003381771	-0.000361504	2.748689119
0.300989987	600.4016967	21.13018618	9.622166299	-0.005763484	-0.995655807	0.003298215	0.003351459	3.12670636	0.995655807	1.349893981	-0.694773886	-0.003410308	-0.000370395	2.736128074
0.303947894	606.3019998	21.15852994	9.542419056	-0.005806903	-0.99237408	0.003260137	0.003309925	3.110393749	0.99237408	1.344294079	-0.691897963	-0.003423734	-0.000386226	2.723530954
0.306917663	612.2259654	21.18674907	9.461948141	-0.005852278	-0.989069474	0.003222439	0.003268305	3.094047703	0.989069474	1.338708782	-0.689008796	-0.003428312	-0.000402367	2.710912979
0.309899243	618.1734926	21.21484305	9.383819509	-0.005899662	-0.985740849	0.003185304	0.003227685	3.077712683	0.985740849	1.333129371	-0.686111229	-0.003433689	-0.000411381	2.698291451
0.312892585	624.14448	21.24282039	9.309770538	-0.005948653	-0.98238771	0.003148656	0.003188637	3.061405219	0.98238771	1.327554546	-0.683201811	-0.003442545	-0.00041606	2.685673737
0.315897637	630.1388259	21.27068663	9.236284975	-0.005998474	-0.979010399	0.003112385	0.003149928	3.045126814	0.979010399	1.321980321	-0.68027753	-0.003455656	-0.000421228	2.673058767
0.318914347	636.1564281	21.29843696	9.161429271	-0.006046912	-0.975610548	0.003076207	0.003110894	3.028878097	0.975610548	1.316398901	-0.67733726	-0.0034673	-0.000427005	2.660443773
0.321942665	642.197184	21.32606831	9.087667152	-0.006091321	-0.972191427	0.00304047	0.003072351	3.0126347	0.972191427	1.310784848	-0.674375065	-0.003476586	-0.000431437	2.647805487
0.324982538	648.2609908	21.35358491	9.016511722	-0.006130632	-0.968756831	0.003005395	0.003034789	2.996364423	0.968756831	1.305127324	-0.67138723	-0.003476965	-0.000434949	2.635124289
0.328033915	654.347745	21.38099021	8.945991594	-0.006165182	-0.96530995	0.002970926	0.002997539	2.980050408	0.96530995	1.299436675	-0.668374233	-0.003461979	-0.000441619	2.622398516
0.331096744	660.4573429	21.4082814	8.874981278	-0.006196288	-0.961853238	0.002936804	0.002960243	2.963692652	0.961853238	1.293720447	-0.665340273	-0.003421221	-0.000450413	2.609633168
0.334170973	666.5896805	21.43545706	8.804989353	-0.006225568	-0.958388453	0.00290331	0.00292343	2.947286932	0.958388453	1.2879636	-0.662290149	-0.003363158	-0.000457056	2.596819492
0.337256549	672.7446531	21.4625197	8.736728143	-0.006253764	-0.954916589	0.00287022	0.002887336	2.930826253	0.954916589	1.282187202	-0.659224366	-0.003309695	-0.000461304	2.583965022
0.34035342	678.922156	21.48947226	8.669663395	-0.006281088	-0.951438188	0.002837669	0.002851778	2.914324679	0.951438188	1.276433215	-0.656143184	-0.003274495	-0.000465377	2.571098041
0.343461533	685.1220837	21.51631258	8.600998168	-0.006309026	-0.947953635	0.002805567	0.002815849	2.897812931	0.947953635	1.270721455	-0.653049464	-0.003256617	-0.000469052	2.558244011
0.346580835	691.3443308	21.54303146	8.530388213	-0.006338404	-0.944462928	0.002773752	0.002779462	2.881310945	0.944462928	1.265047947	-0.649946709	-0.003243982	-0.000475884	2.54541091
0.349711272	697.588791	21.56962768	8.462335418	-0.00636759	-0.940965616	0.002742324	0.002744092	2.864797956	0.940965616	1.259391704	-0.646836182	-0.003217076	-0.000490526	2.532577638
0.352852792	703.8553581	21.59610908	8.396752518	-0.006393565	-0.937460701	0.002711397	0.002709697	2.84825948	0.937460701	1.253726537	-0.643716919	-0.003157626	-0.000511323	2.519723359
0.356005341	710.1439252	21.62247653	8.330930025	-0.006413291	-0.933946415	0.00268079	0.002675407	2.831740552	0.933946415	1.248048578	-0.640592242	-0.003058982	-0.000531242	2.506867773
0.359168865	716.4543851	21.64872771	8.265448732	-0.0064248	-0.930419944	0.002650452	0.002641408	2.815277551	0.930419944	1.242358855	-0.637462501	-0.002929243	-0.000545293	2.494028175
0.362343311	722.7866303	21.67486409	8.201649952	-0.006427549	-0.92687757	0.002620516	0.002608104	2.798859881	0.92687757	1.236659553	-0.634321889	-0.002782533	-0.000554718	2.481198502
0.365528623	729.1405528	21.70088899	8.138933405	-0.006423346	-0.923316174	0.00259091	0.002575261	2.782473767	0.923316174	1.230949975	-0.631161313	-0.002617986	-0.000562761	2.468369958
0.368724749	735.5160445	21.72680092	8.075579987	-0.006414992	-0.919734113	0.002561692	0.002542327	2.766115449	0.919734113	1.225225472	-0.627978503	-0.00244531	-0.00057044	2.455537517
0.371931633	741.9129965	21.752597	8.012637011	-0.006403985	-0.916131534	0.002532856	0.002509644	2.749799732	0.916131534	1.219481129	-0.62477524	-0.002295454	-0.000573729	2.442706198
0.37514922	748.3313	21.77827934	7.95140397	-0.006390769	-0.912510476	0.002504395	0.002477628	2.73353583	0.912510476	1.213701292	-0.621555243	-0.002189763	-0.000567008	2.429873799
0.378377457	754.7708455	21.80385199	7.892143476	-0.006374162	-0.908873953	0.002476335	0.002446382	2.717314235	0.908873953	1.207881698	-0.618325928	-0.002129766	-0.000550093	2.417034943
0.381616287	761.2315233	21.82932111	7.835721627	-0.006351267	-0.905224428	0.002448693	0.002416187	2.701129126	0.905224428	1.202028135	-0.615092456	-0.002122576	-0.000528215	2.404190844
0.384865657	767.7132233	21.85469333	7.781115712	-0.006321592	-0.901563078	0.002421398	0.002386716	2.68498564	0.901563078	1.196145977	-0.61185496	-0.002175768	-0.000506001	2.391347348
0.388125509	774.215835	21.87997018	7.727045155	-0.006287559	-0.897890252	0.002394372	0.002357582	2.668885046	0.897890252	1.19023388	-0.608616492	-0.002276474	-0.000488562	2.378504589
0.391395789	780.7392476	21.90515358	7.674664062	-0.006251804	-0.894205837	0.002367774	0.00232913	2.652807057	0.894205837	1.184298037	-0.605377164	-0.002393498	-0.000476551	2.365655465
0.394676442	787.2833499	21.93024633	7.622524316	-0.006217039	-0.890509652	0.002341539	0.002300911	2.636749267	0.890509652	1.17837338	-0.602134473	-0.002502863	-0.000462574	2.35281615
0.39796741	793.8480304	21.95524357	7.568727506	-0.006185855	-0.886801826	0.00231554	0.002272362	2.620738434	0.886801826	1.172484116	-0.598890131	-0.002598325	-0.000442981	2.340012188
0.401268639	800.4331772	21.98014051	7.514888323	-0.00615969	-0.883082124	0.002289803	0.002243964	2.604801114	0.883082124	1.166607001	-0.595642285	-0.00267156	-0.000420302	2.32724512
0.404580071	807.0386781	22.00493804	7.462257669	-0.006138503	-0.879349759	0.002264477	0.002216065	2.588934439	0.879349759	1.16070706	-0.592385655	-0.002728133	-0.000394658	2.314495629
0.407901651	813.6644205	22.02963833	7.410545318	-0.006122298	-0.875604395	0.002239352	0.002188565	2.573123898	0.875604395	1.154780354	-0.589117336	-0.002779251	-0.000368371	2.301754323
0.411233322	820.3102915	22.05424431	7.360990709	-0.006110598	-0.871846301	0.00221441	0.002161825	2.557355838	0.871846301	1.148831266	-0.585838417	-0.002818598	-0.000350366	2.289016703
0.414575026	826.9761779	22.07876462	7.314884009	-0.006102731	-0.868076017	0.002189996	0.002136216	2.541610613	0.868076017	1.142854482	-0.58254892	-0.002834582	-0.0003433	2.276270556
0.417926708	833.661966	22.10320829	7.271406319	-0.006099003	-0.864294094	0.002166021	0.002111503	2.525884558	0.864294094	1.136854009	-0.579254105	-0.002838569	-0.000342109	2.26351633
0.421288309	840.3675419	22.12758137	7.229763358	-0.006100489	-0.860500868	0.002142271	0.002087451	2.510170093	0.860500868	1.130852136	-0.57595604	-0.002853196	-0.000343569	2.250761548
0.424659773	847.0927913	22.15188858	7.189948834	-0.006108258	-0.856696508	0.002118589	0.002064027	2.494456119	0.856696508	1.124871901	-0.572647892	-0.002884057	-0.000348629	2.238012264
0.428041042	853.8375996	22.17613398	7.150932941	-0.006121914	-0.852880653	0.002095188	0.002040906	2.478733502	0.852880653	1.118905056	-0.569323019	-0.002916588	-0.000362072	2.225259606
0.431432059	860.6018518	22.20031322	7.109198967	-0.006140806	-0.84905225	0.002072029	0.002017084	2.463012432	0.84905225	1.112930151	-0.565981743	-0.00293358	-0.000384483	2.212497416
0.434832766	867.3854327	22.2244144	7.064853857	-0.006164278	-0.845209781	0.002049205	0.001992609	2.447307256	0.845209781	1.10692456	-0.562625429	-0.002933179	-0.000408988	2.199720799
0.438243104	874.1882267	22.24843117	7.019752404	-0.006190613	-0.841352136	0.002026732	0.001968008	2.431612005	0.841352136	1.100881195	-0.559251788	-0.002921797	-0.000422328	2.186922668
0.441663016	881.0101178	22.27236136	6.975196736	-0.006217364	-0.837479283	0.002004566	0.001943654	2.415923754	0.837479283	1.094816883	-0.555862212	-0.002902256	-0.000418067	2.17410996
0.445092443	887.8509898	22.29620903	6.932795932	-0.006242421	-0.833591816	0.001982551	0.001919994	2.400240637	0.833591816	1.088749509	-0.5524568	-0.002878459	-0.000401538	2.161290981
0.448531327	894.7107261	22.31997838	6.891011193	-0.00626577	-0.829690325	0.001960692	0.001896605	2.384560221	0.829690325	1.082691681	-0.549037316	-0.002847671	-0.000382763	2.148471114
0.45197961	901.5892097	22.3436675	6.84861141	-0.006289139	-0.825775006	0.001939046	0.001873155	2.368893792	0.825775006	1.076651447	-0.545607832	-0.002811896	-0.000368126	2.135660122
0.455437232	908.4863235	22.36727425	6.806406685	-0.006314162	-0.821845601	0.001917658	0.001849863	2.353268037	0.821845601	1.070624249	-0.54216745	-0.002783281	-0.000358007	2.122868944
0.458904135	915.4019499	22.3907989	6.764600396	-0.006341975	-0.817902365	0.001896302	0.001826777	2.33771241	0.817902365	1.064610081	-0.538713516	-0.002768193	-0.00035064	2.110112428
0.462380259	922.3359711	22.41424036	6.722470012	-0.006371844	-0.813947363	0.001875077	0.001803698	2.322215146	0.813947363	1.058597395	-0.535244271	-0.002768231	-0.00034226	2.097379952
0.465865546	929.2882688	22.43759652	6.680293647	-0.006400286	-0.809983998	0.00185423	0.001780704	2.306736864	0.809983998	1.052569767	-0.531760303	-0.002787985	-0.000332961	2.084645315
0.469359935	936.2587247	22.4608659	6.63768902	-0.00642231	-0.806014881	0.001833608	0.001757712	2.291261993	0.806014881	1.046536603	-0.528265276	-0.002821367	-0.000323668	2.071906739
0.472863368	943.2472198	22.48404474	6.59439176	-0.00643438	-0.802041529	0.001813186	0.001734673	2.275789189	0.802041529	1.040508619	-0.524764985	-0.002855188	-0.000312854	2.059169668
0.476375785	950.2536351	22.50713142	6.55141793	-0.006435303	-0.798065231	0.001793041	0.001711876	2.260316727	0.798065231	1.034488293	-0.521265965	-0.002883595	-0.000299277	2.046435125
0.479897125	957.2778512	22.5301247	6.507745346	-0.006423939	-0.794086988	0.001773281	0.001689058	2.244842234	0.794086988	1.028482756	-0.517769155	-0.002909645	-0.000281958	2.033705989
0.483427329	964.3197485	22.55301982	6.463327025	-0.006399572	-0.790107102	0.001753783	0.00166621	2.22938669	0.790107102	1.022502213	-0.514273355	-0.00292007	-0.000266503	2.020998002
0.486966337	971.3792067	22.57581698	6.420443122	-0.006364292	-0.786126065	0.001734436	0.00164392	2.213964077	0.786126065	1.016535234	-0.510779102	-0.002902309	-0.000256029	2.008312688
0.490514088	978.4561058	22.59852248	6.379836297	-0.006321644	-0.782144931	0.00171528	0.001622358	2.198566166	0.782144931	1.010545046	-0.507283858	-0.002858119	-0.000247982	1.995628071
0.494070522	985.550325	22.62114182	6.340518422	-0.006272903	-0.778165005	0.001696396	0.001601248	2.183201334	0.778165005	1.004503888	-0.503783581	-0.002787379	-0.000240408	1.982935113
0.497635578	992.6617435	22.64367657	6.301599988	-0.006217348	-0.774187736	0.00167771	0.001580356	2.16789177	0.774187736	0.998395635	-0.500278828	-0.002693546	-0.000237493	1.97023757
0.501209196	999.79024	22.66612815	6.263820091	-0.006154957	-0.7702143	0.001659218	0.001559858	2.152628442	0.7702143	0.992225084	-0.496767192	-0.00258201	-0.000245281	1.957533914
0.504791314	1006.935693	22.68849877	6.226180211	-0.006087063	-0.766244622	0.001640894	0.001539484	2.137393391	0.766244622	0.986018357	-0.493241727	-0.002459701	-0.00026271	1.944828186
0.508381872	1014.097981	22.71078525	6.187744558	-0.006016181	-0.7622774	0.001622701	0.001519004	2.122208615	0.7622774	0.979808256	-0.489702019	-0.002340648	-0.000287342	1.932147136
0.511980808	1021.276982	22.73298568	6.149580172	-0.005945534	-0.758311401	0.001604709	0.001498686	2.107113403	0.758311401	0.973620123	-0.486150563	-0.002234093	-0.000318648	1.919522464
0.515588061	1028.472573	22.75510099	6.112113209	-0.005876504	-0.754345922	0.001586875	0.001478639	2.092114445	0.754345922	0.96745782	-0.482588055	-0.002140908	-0.000353536	1.906959093
0.519203569	1035.684631	22.7771315	6.074427231	-0.005807171	-0.750380683	0.001569285	0.001458632	2.077178496	0.750380683	0.961302774	-0.479012257	-0.002076875	-0.000388645	1.894430976
0.522827272	1042.913035	22.79907479	6.036782124	-0.005734686	-0.746416094	0.001551926	0.001438736	2.062278854	0.746416094	0.955140267	-0.475424754	-0.002053127	-0.000421912	1.881917607
0.526459106	1050.15766	22.82093412	6.001246884	-0.005657553	-0.742453155	0.001534884	0.001419432	2.047398687	0.742453155	0.948955501	-0.47182427	-0.002051317	-0.00045097	1.869403672
0.530099011	1057.418384	22.84271625	5.967498042	-0.005574964	-0.738493019	0.001518007	0.001400629	2.032543699	0.738493019	0.942742101	-0.468208691	-0.002057309	-0.000472443	1.856889409
0.533746924	1064.695082	22.86442568	5.935094059	-0.005485826	-0.734536946	0.001501309	0.001382215	2.017702361	0.734536946	0.936514823	-0.464576851	-0.002071107	-0.000486615	1.844377065
0.537402783	1071.98763	22.88606458	5.902611927	-0.005387625	-0.730586508	0.00148485	0.00136386	2.002869956	0.730586508	0.930288197	-0.460929747	-0.002100159	-0.000501173	1.831872331
0.541066526	1079.295905	22.90762834	5.868626222	-0.005277047	-0.726643659	0.001468597	0.001345249	1.988068266	0.726643659	0.924051394	-0.457271254	-0.002159712	-0.00052353	1.819381659
0.544738091	1086.619781	22.92911139	5.833636939	-0.005151968	-0.722710123	0.001452546	0.00132651	1.973306302	0.722710123	0.917783648	-0.453604681	-0.002251734	-0.000555072	1.806900036
0.548417414	1093.959134	22.95050959	5.797855479	-0.005011462	-0.718786543	0.001436701	0.001307699	1.958594378	0.718786543	0.911484838	-0.449931456	-0.002367081	-0.000587184	1.794432879
0.552104433	1101.313839	22.97181967	5.761670445	-0.004855025	-0.714872583	0.001420874	0.001288914	1.943934475	0.714872583	0.905189748	-0.446253678	-0.002496128	-0.000613874	1.781998403
0.555799085	1108.68377	22.99304075	5.725904115	-0.004682954	-0.710967828	0.001405085	0.001270353	1.92931831	0.710967828	0.898920586	-0.44257462	-0.00263319	-0.000633071	1.769603362
0.559501307	1116.068801	23.01417346	5.690303188	-0.004496233	-0.707071397	0.001389508	0.001251957	1.914721658	0.707071397	0.892670087	-0.438893088	-0.002777137	-0.000646464	1.757231571
0.563211037	1123.468808	23.03521741	5.655211436	-0.004296762	-0.70318162	0.001374126	0.001233801	1.90013259	0.70318162	0.886438196	-0.435208838	-0.002927832	-0.000656614	1.744876203
0.56692821	1130.883664	23.05617628	5.621879814	-0.004086971	-0.699297309	0.001359087	0.001216143	1.885545595	0.699297309	0.880229092	-0.431519811	-0.003091479	-0.000662622	1.732535998
0.570652764	1138.313242	23.07705551	5.589937299	-0.003868834	-0.695418334	0.001344244	0.001198865	1.870933367	0.695418334	0.874048443	-0.427817311	-0.003280952	-0.000658524	1.720200072
0.574384635	1145.757415	23.09785717	5.558072261	-0.003644116	-0.691544693	0.001329477	0.001181662	1.856275228	0.691544693	0.867909142	-0.424093952	-0.003487203	-0.000643714	1.707864531
0.57812376	1153.216058	23.11857828	5.525091163	-0.003416727	-0.687676418	0.001314809	0.001164288	1.841589184	0.687676418	0.86180794	-0.420351749	-0.003687	-0.000624343	1.695536771
0.581870074	1160.689043	23.13921309	5.490898555	-0.00319172	-0.683813993	0.001300113	0.001146747	1.826901822	0.683813993	0.855726418	-0.41659674	-0.003870922	-0.000607154	1.683221117
0.585623515	1168.176242	23.15976012	5.457914932	-0.00297246	-0.679958581	0.001285448	0.001129559	1.812235546	0.679958581	0.849634063	-0.412831415	-0.004043218	-0.000593833	1.670914095
0.589384017	1175.677528	23.18022569	5.426543307	-0.002760084	-0.676111929	0.001270966	0.00111279	1.797583247	0.676111929	0.843508142	-0.409053181	-0.004211113	-0.000583428	1.658601659
0.593151517	1183.192772	23.20060785	5.39281831	-0.002554087	-0.672275858	0.001256647	0.001095632	1.782944352	0.672275858	0.83735252	-0.405264417	-0.00437282	-0.000574367	1.646286365
0.596925951	1190.721848	23.22089364	5.355840072	-0.00235431	-0.668451606	0.001242454	0.001077936	1.768349367	0.668451606	0.831192923	-0.401471886	-0.004512541	-0.000566705	1.633996948
0.600707254	1198.264627	23.2410723	5.316675294	-0.002160094	-0.664640009	0.001228369	0.00105995	1.753845058	0.664640009	0.825048459	-0.397681442	-0.004610382	-0.000568314	1.621766763
0.604495362	1205.82098	23.26113515	5.27557716	-0.001969432	-0.660842204	0.001214314	0.001041741	1.739461397	0.660842204	0.818926974	-0.393894755	-0.004663126	-0.000584047	1.609615288
0.608290211	1213.390778	23.28107401	5.232484022	-0.0017801	-0.657059218	0.001200492	0.001023293	1.725168035	0.657059218	0.812839826	-0.39010728	-0.004694989	-0.000612616	1.59753354
0.612091735	1220.973892	23.30088179	5.188593248	-0.00159176	-0.653291992	0.001186933	0.001004838	1.710934004	0.653291992	0.806804104	-0.386314886	-0.004727253	-0.000649999	1.58551505
0.615899869	1228.570193	23.32055894	5.145917364	-0.001406126	-0.649542462	0.001173564	0.000986776	1.696772868	0.649542462	0.800816211	-0.382519798	-0.004758752	-0.000690756	1.573565771
0.61971455	1236.179552	23.34010897	5.104027548	-0.001224789	-0.645813239	0.001160328	0.000969035	1.682704104	0.645813239	0.794854011	-0.378727353	-0.004787277	-0.000728127	1.561685677
0.623535712	1243.801839	23.35953248	5.062270341	-0.001048469	-0.642106721	0.001147204	0.000951492	1.668724464	0.642106721	0.788899253	-0.374939717	-0.004814527	-0.000753407	1.549865219
0.62736329	1251.436924	23.37882857	5.020376665	-0.000876746	-0.638424167	0.001134212	0.000934083	1.654820445	0.638424167	0.782953679	-0.37115234	-0.004830559	-0.000764339	1.538099146
0.631197218	1259.084677	23.39799649	4.978913641	-0.000707689	-0.634765275	0.001121372	0.000916905	1.640976785	0.634765275	0.777022328	-0.367362013	-0.004838447	-0.000763235	1.526382194
0.635037432	1266.744968	23.41703879	4.938540805	-0.000538968	-0.631128522	0.001108653	0.000900084	1.627180512	0.631128522	0.77110106	-0.36357047	-0.004853033	-0.000752626	1.514705046
0.638883865	1274.417665	23.43595735	4.898336422	-0.000368705	-0.62751187	0.001096087	0.000883448	1.613436673	0.62751187	0.765185545	-0.359779732	-0.004871537	-0.000736686	1.503067044
0.642736453	1282.102639	23.45475027	4.857585314	-0.000196499	-0.623913575	0.001083724	0.000866874	1.599748888	0.623913575	0.759281604	-0.355992187	-0.004887383	-0.000719757	1.491472034
0.646595129	1289.799758	23.47341514	4.816715313	-2.4207E-05	-0.620332318	0.00107148	0.000850431	1.586107838	0.620332318	0.753388086	-0.352202738	-0.004898779	-0.000704108	1.479914121
0.650459828	1297.508891	23.49195246	4.77664567	0.000145472	-0.616766846	0.0010593	0.000834254	1.572501939	0.616766846	0.747500135	-0.34840122	-0.004896154	-0.000691906	1.46838446
0.654330484	1305.229907	23.51036582	4.737916718	0.000310518	-0.61321662	0.001047283	0.000818412	1.558911158	0.61321662	0.741619823	-0.344579802	-0.004877461	-0.000686758	1.4568738
0.658207031	1312.962674	23.52865895	4.699947228	0.000471229	-0.609682745	0.001035497	0.000802792	1.545313735	0.609682745	0.735753779	-0.340735521	-0.004855476	-0.000685484	1.44537513
0.662089403	1320.707061	23.54683118	4.661220293	0.000629905	-0.606167385	0.0010239	0.000787147	1.531712834	0.606167385	0.729909744	-0.3368738	-0.004841573	-0.00068248	1.433894982
0.665977534	1328.462935	23.56487672	4.620928067	0.000787477	-0.602672263	0.00101239	0.000771363	1.518140514	0.602672263	0.724095367	-0.332999624	-0.00483675	-0.000677245	1.422454072
0.669871358	1336.230164	23.5827899	4.579917332	0.000943914	-0.599198137	0.001000961	0.000755593	1.504614538	0.599198137	0.718315855	-0.329113628	-0.004840079	-0.000669147	1.411064265
0.673770807	1344.008616	23.60057021	4.539640537	0.001101002	-0.595745346	0.000989554	0.000740077	1.491134618	0.595745346	0.712568812	-0.325217287	-0.004857506	-0.000659299	1.399724388
0.677675817	1351.798158	23.61821886	4.499038416	0.001261265	-0.592314221	0.000978319	0.00072465	1.477699727	0.592314221	0.70684665	-0.321314427	-0.00488746	-0.000649965	1.388430299
0.681586319	1359.598658	23.6357286	4.455690746	0.001425974	-0.588905147	0.000967286	0.000708947	1.464330403	0.588905147	0.701150066	-0.317412202	-0.00490972	-0.000643918	1.377192808
0.685502248	1367.409982	23.65308793	4.410113779	0.001596138	-0.585518614	0.000956417	0.000693074	1.451053292	0.585518614	0.695482774	-0.313514078	-0.004912544	-0.000642589	1.36602734
0.689423537	1375.231998	23.6702903	4.363595255	0.001772758	-0.582155641	0.000945768	0.000677232	1.437871332	0.582155641	0.689847122	-0.309615181	-0.004892483	-0.000647119	1.354937047
0.693350119	1383.064572	23.68733192	4.316516893	0.001956047	-0.578817616	0.000935304	0.000661478	1.424775206	0.578817616	0.684237981	-0.305712505	-0.004852809	-0.000658735	1.343915402
0.697281927	1390.907571	23.7042116	4.269884924	0.002146617	-0.575506247	0.000925037	0.000645965	1.41174951	0.575506247	0.678655757	-0.301803941	-0.004809616	-0.000674335	1.332955757
0.701218893	1398.76086	23.72093232	4.224558171	0.002344123	-0.572223228	0.000914857	0.000630817	1.398781727	0.572223228	0.673105173	-0.297887633	-0.004768081	-0.000689224	1.322055064
0.705160952	1406.624307	23.73749807	4.180163063	0.002546657	-0.568969181	0.000904744	0.000615971	1.385855966	0.568969181	0.667585204	-0.293962978	-0.004733129	-0.000699491	1.311205175
0.709108036	1414.497777	23.75391079	4.136306886	0.00275231	-0.565743142	0.00089479	0.000601358	1.372959567	0.565743142	0.662096891	-0.290027931	-0.004715233	-0.000701446	1.3003998
0.713060077	1422.381136	23.77017124	4.092521808	0.002960503	-0.562543759	0.000884993	0.000586902	1.360089877	0.562543759	0.656645365	-0.286081952	-0.004714894	-0.000696686	1.289639501
0.717017008	1430.27425	23.7862777	4.048356632	0.003172859	-0.559370493	0.000875359	0.000572548	1.347253198	0.559370493	0.651240436	-0.282127548	-0.00472678	-0.000688372	1.278932064
0.720978762	1438.176984	23.80222955	4.004725667	0.003391222	-0.556223904	0.00086583	0.00055843	1.334456972	0.556223904	0.645889334	-0.278166442	-0.004750018	-0.000679209	1.268285105
0.724945271	1446.089203	23.81802844	3.96130995	0.003616161	-0.553105731	0.000856437	0.000544503	1.321713275	0.553105731	0.640592932	-0.274200413	-0.004779767	-0.000672334	1.257705969
0.728916467	1454.010772	23.83367124	3.916500073	0.003847388	-0.550018316	0.000847164	0.000530552	1.309045876	0.550018316	0.63536193	-0.270231842	-0.004806546	-0.000669127	1.247213061
0.732892284	1461.941558	23.84914974	3.869451769	0.00408385	-0.546963522	0.00083798	0.000516484	1.296476254	0.546963522	0.630193379	-0.266265336	-0.004818425	-0.00066926	1.236816577
0.736872652	1469.881423	23.86445513	3.820891064	0.004323111	-0.543941699	0.000828955	0.000502422	1.283992296	0.543941699	0.625086917	-0.262306125	-0.004810016	-0.000671048	1.226510456
0.740857505	1477.830234	23.87958375	3.772196978	0.00456261	-0.540951718	0.000820099	0.000488548	1.271564318	0.540951718	0.620056949	-0.258351281	-0.004780448	-0.000670479	1.216286492
0.744846775	1485.787855	23.89453477	3.723358657	0.004800815	-0.537992016	0.000811388	0.000474845	1.259191101	0.537992016	0.615102306	-0.254394712	-0.004726238	-0.00066517	1.206142711
0.748840392	1493.754149	23.90930616	3.674085528	0.005036182	-0.535061918	0.000802773	0.000461271	1.246885522	0.535061918	0.610205942	-0.250434549	-0.004660292	-0.000656897	1.196076691
0.75283829	1501.728982	23.92389609	3.624810812	0.005268204	-0.532162197	0.000794246	0.000447886	1.234655565	0.532162197	0.605344421	-0.246470474	-0.004603923	-0.000648422	1.186081091
0.756840401	1509.712217	23.93830626	3.576757294	0.005497773	-0.529294393	0.000785915	0.000434837	1.222483733	0.529294393	0.600506162	-0.242501108	-0.004560951	-0.000641869	1.176142144
0.760846655	1517.703719	23.95254119	3.529582693	0.005725712	-0.526459635	0.000777807	0.000422067	1.210348495	0.526459635	0.595701025	-0.238522302	-0.004526951	-0.000638161	1.166254578
0.764856985	1525.70335	23.96660009	3.481533304	0.005951489	-0.523658139	0.000769789	0.000409361	1.19826915	0.523658139	0.590939079	-0.234531998	-0.004502165	-0.00063568	1.156433184
0.768871323	1533.710975	23.98047717	3.431980183	0.006173353	-0.520889587	0.000761893	0.000396653	1.186275653	0.520889587	0.586218006	-0.230531536	-0.004491165	-0.000631488	1.146691623
0.772889599	1541.726458	23.99416623	3.381364	0.006390287	-0.518153641	0.000754102	0.000384013	1.174385273	0.518153641	0.581552945	-0.226524658	-0.004489019	-0.000626415	1.137045929
0.776911746	1549.749661	24.00766533	3.331186647	0.006602034	-0.515450771	0.000746413	0.000371619	1.162612418	0.515450771	0.576969293	-0.222514931	-0.004489943	-0.000620977	1.127516241
0.780937695	1557.780449	24.02097642	3.281438336	0.006807433	-0.512782711	0.000738831	0.000359468	1.150971759	0.512782711	0.572472881	-0.218504174	-0.00449356	-0.000613144	1.118113676
0.784967377	1565.818683	24.03409898	3.231494527	0.007005194	-0.510151686	0.000731402	0.000347494	1.139466683	0.510151686	0.568059104	-0.214493169	-0.004499562	-0.000604737	1.108838737
0.789000724	1573.864227	24.04703108	3.18086363	0.007194895	-0.507559275	0.00072416	0.000335645	1.128090693	0.507559275	0.563726045	-0.210480485	-0.004500042	-0.000599817	1.099688007
0.793037667	1581.916945	24.05976693	3.128556332	0.007376442	-0.505005939	0.000717115	0.000323826	1.116857915	0.505005939	0.559471148	-0.206467418	-0.004494631	-0.000597678	1.090667501
0.797078137	1589.976698	24.07230125	3.075920973	0.007550105	-0.502492075	0.000710173	0.000312187	1.10578885	0.502492075	0.555299736	-0.202455008	-0.004496935	-0.000594313	1.08179033
0.801122065	1598.04335	24.08463352	3.023026619	0.007716439	-0.500018904	0.000703354	0.000300732	1.094862737	0.500018904	0.551213234	-0.198439275	-0.00451147	-0.000591251	1.073047438
0.805169383	1606.116762	24.09675905	2.968674419	0.007876239	-0.497588107	0.000696667	0.000289345	1.084049899	0.497588107	0.547214275	-0.194421499	-0.004532498	-0.000590514	1.064426141
0.809220021	1614.196798	24.10867327	2.914008924	0.008030221	-0.49520132	0.000690089	0.00027814	1.073334654	0.49520132	0.543305243	-0.19040129	-0.004555401	-0.000591385	1.055920609
0.81327391	1622.28332	24.12037538	2.859161423	0.008178622	-0.492859818	0.000683682	0.000267129	1.062708635	0.492859818	0.539472765	-0.18637541	-0.004583779	-0.000591502	1.047520609
0.817330982	1630.376189	24.13186259	2.803497302	0.008320764	-0.490564228	0.000677393	0.000256259	1.052185476	0.490564228	0.535703909	-0.1823439	-0.004618373	-0.000589847	1.039226807
0.821391166	1638.475269	24.14313	2.74637422	0.008455162	-0.488314616	0.000671227	0.000245483	1.041790222	0.488314616	0.531984584	-0.1783097	-0.004656705	-0.000588018	1.031044711
0.825454395	1646.58042	24.15416989	2.68746416	0.008581764	-0.486111085	0.000665245	0.000234787	1.031547848	0.486111085	0.528303998	-0.174276199	-0.004697086	-0.000586604	1.022981465
0.829520598	1654.691505	24.16497681	2.628095077	0.008702982	-0.483954106	0.000659441	0.000224291	1.021473403	0.483954106	0.524679638	-0.170243369	-0.004743144	-0.000582173	1.015053573
0.833589707	1662.808385	24.17555184	2.569903828	0.008822093	-0.48184439	0.000653737	0.000214121	1.011563255	0.48184439	0.521140379	-0.166204539	-0.004799738	-0.000573518	1.007274012
0.837661651	1670.930922	24.18590021	2.512999541	0.00894148	-0.479782553	0.000648193	0.000204275	1.00180029	0.479782553	0.51769238	-0.162152666	-0.004860569	-0.000565685	0.999637612
0.841736363	1679.058979	24.19602496	2.456604621	0.009063752	-0.477769088	0.000642794	0.00019469	0.992189342	0.477769088	0.514332062	-0.158089835	-0.004922147	-0.000559649	0.992145246
0.845813771	1687.192415	24.20592631	2.399927254	0.009191852	-0.475804751	0.000637486	0.000185308	0.982740313	0.475804751	0.51106033	-0.154021961	-0.004981779	-0.000551152	0.984802697
0.849893807	1695.331093	24.21560014	2.341862161	0.009328023	-0.473891207	0.000632321	0.000176053	0.973454805	0.473891207	0.507869394	-0.149953706	-0.005030152	-0.000536459	0.977607703
0.853976402	1703.474875	24.22504085	2.282961511	0.009473409	-0.472030864	0.000627369	0.000166971	0.964335479	0.472030864	0.504745742	-0.145884651	-0.005062951	-0.000517817	0.970556043
0.858061485	1711.62362	24.2342461	2.22373235	0.009627681	-0.470225547	0.000622574	0.000158102	0.955398017	0.470225547	0.501679911	-0.141814877	-0.005082303	-0.000497616	0.963651738
0.862148987	1719.77719	24.24321434	2.164453228	0.009790626	-0.468475615	0.000617912	0.000149469	0.946662488	0.468475615	0.498668955	-0.137744501	-0.005095301	-0.000475626	0.956903529
0.866238838	1727.935447	24.2519455	2.105136122	0.009961469	-0.466780284	0.000613398	0.000141068	0.938126375	0.466780284	0.495719283	-0.133669039	-0.005108494	-0.000452571	0.950312971
0.870330968	1736.098251	24.26043764	2.045304218	0.010137986	-0.465138787	0.00060903	0.000132864	0.929774597	0.465138787	0.49284011	-0.129583715	-0.005126471	-0.000431948	0.943876747
0.874425309	1744.265463	24.2686896	1.98570204	0.010318238	-0.463550734	0.000604829	0.000124903	0.921597953	0.463550734	0.490032386	-0.12548488	-0.005146648	-0.000415155	0.937590537
0.87852179	1752.436944	24.27670256	1.926398666	0.010500953	-0.46201562	0.000600766	0.000117195	0.9136068	0.46201562	0.487291385	-0.121374398	-0.005161406	-0.00039936	0.931456902
0.882620341	1760.612555	24.28447562	1.866541031	0.010684032	-0.460532464	0.000596821	0.000109695	0.905816164	0.460532464	0.484622689	-0.117256624	-0.005161276	-0.000383116	0.925485658
0.886720892	1768.792156	24.29200531	1.805874808	0.010864624	-0.459100124	0.000592972	0.000102394	0.898235867	0.459100124	0.482032384	-0.113134735	-0.005135029	-0.000366924	0.919684188
0.890823374	1776.975608	24.29928865	1.744821383	0.01103952	-0.457717642	0.000589275	9.53215E-05	0.890867063	0.457717642	0.479525209	-0.109010301	-0.005084466	-0.000352099	0.914054957
0.894927717	1785.162772	24.30632518	1.684099156	0.011205921	-0.456384461	0.000585724	8.85198E-05	0.883719323	0.456384461	0.477108339	-0.104884436	-0.005023907	-0.00033873	0.908606061
0.89903385	1793.353508	24.31311598	1.623433449	0.011363167	-0.455100747	0.000582294	8.1978E-05	0.876803573	0.455100747	0.474786073	-0.10075945	-0.004963139	-0.000324357	0.903345197
0.903141704	1801.547676	24.31965806	1.561415959	0.011512694	-0.453867323	0.000578992	7.56257E-05	0.870127814	0.453867323	0.472551759	-0.096636264	-0.004906906	-0.000307936	0.898273448
0.907251209	1809.745136	24.32594422	1.497694376	0.011655982	-0.452685286	0.000575829	6.94502E-05	0.863697525	0.452685286	0.470393842	-0.09251613	-0.004857104	-0.000293067	0.893388327
0.911362294	1817.94575	24.33196912	1.433376676	0.011793931	-0.451555626	0.000572823	6.3512E-05	0.857514348	0.451555626	0.468305927	-0.088399418	-0.004809447	-0.000281719	0.88868795
0.91547489	1826.149377	24.33773218	1.369271843	0.011927395	-0.450478657	0.000570002	5.78499E-05	0.851576593	0.450478657	0.466294728	-0.08428407	-0.004760539	-0.000272955	0.884174989
0.919588927	1834.355878	24.34323273	1.304607199	0.012056222	-0.449453861	0.000567287	5.24309E-05	0.845890136	0.449453861	0.464370182	-0.080168704	-0.004717725	-0.0002636	0.879857089
0.923704334	1842.565112	24.3484676	1.239433811	0.012179022	-0.44848048	0.000564652	4.72595E-05	0.840468741	0.44848048	0.462524163	-0.076055482	-0.004688944	-0.000251457	0.875736692
0.927821041	1850.776939	24.35343577	1.174158006	0.012294813	-0.447558015	0.000562152	4.23537E-05	0.835308638	0.447558015	0.460752645	-0.071946118	-0.004674752	-0.000236321	0.871809649
0.931938978	1858.991221	24.3581354	1.108262307	0.012404472	-0.446686478	0.000559814	3.76971E-05	0.830406176	0.446686478	0.459064191	-0.067839354	-0.004664397	-0.000220626	0.868078423
0.936058075	1867.207816	24.36256421	1.042140662	0.012510187	-0.445866539	0.000557585	3.33043E-05	0.825770392	0.445866539	0.457468532	-0.063731466	-0.004646904	-0.000206671	0.864552731
0.940178262	1875.426585	24.36672206	0.976149106	0.01261447	-0.445099372	0.000555526	2.91864E-05	0.82140063	0.445099372	0.455970184	-0.059619306	-0.004622633	-0.000194383	0.861235093
0.944299468	1883.647388	24.37060875	0.909969464	0.012719117	-0.444386146	0.000553623	2.53329E-05	0.81729309	0.444386146	0.45457198	-0.055503641	-0.004597356	-0.000183843	0.858125608
0.948421624	1891.870084	24.37422215	0.843007637	0.012824394	-0.443727441	0.000551858	2.17313E-05	0.81345372	0.443727441	0.453271187	-0.051386035	-0.004577417	-0.000176968	0.855226174
0.952544659	1900.094534	24.37755784	0.774915953	0.012929786	-0.443123193	0.00055023	1.83782E-05	0.809892195	0.443123193	0.452065085	-0.0472675	-0.00456994	-0.000174532	0.852540237
0.956668502	1908.320597	24.38061237	0.706559072	0.013034347	-0.442573078	0.000548683	1.52983E-05	0.8066191	0.442573078	0.450954088	-0.043148246	-0.004574075	-0.000173031	0.850073133
0.960793084	1916.548133	24.38338688	0.638904423	0.013136225	-0.442076959	0.000547268	1.25113E-05	0.803632245	0.442076959	0.449936987	-0.039026209	-0.004581413	-0.000171767	0.847823095
0.964918334	1924.777002	24.38588321	0.571251415	0.013232936	-0.441635156	0.00054603	1.0002E-05	0.80092194	0.441635156	0.449013043	-0.034900136	-0.004589588	-0.000170035	0.845785069
0.969044182	1933.007063	24.38809904	0.502754293	0.013322224	-0.441247958	0.000544943	7.76193E-06	0.798486906	0.441247958	0.448186191	-0.030771178	-0.004600107	-0.000163864	0.843960527
0.973170557	1941.238177	24.39003193	0.434175196	0.013402502	-0.440915038	0.000544002	5.80904E-06	0.796341017	0.440915038	0.44746007	-0.026642294	-0.004613175	-0.000149049	0.842358062
0.97729739	1949.470203	24.39168324	0.366193121	0.013473652	-0.440635261	0.00054315	4.15344E-06	0.794498609	0.440635261	0.446840342	-0.022518393	-0.004624679	-0.000127367	0.840987106
0.98142461	1957.703001	24.39305509	0.298682135	0.013536382	-0.440406902	0.000542436	2.78937E-06	0.792963945	0.440406902	0.446326491	-0.018403498	-0.004632239	-0.000104893	0.839848669
0.985552146	1965.93643	24.39415004	0.232075427	0.01358978	-0.440228051	0.000541905	1.7129E-06	0.7917362	0.440228051	0.445915954	-0.01429979	-0.004636188	-8.27493E-05	0.838940103
0.989679928	1974.17035	24.39497222	0.166351685	0.013631582	-0.440096759	0.000541472	9.15613E-07	0.790811705	0.440096759	0.445611053	-0.010206319	-0.004638431	-5.97086E-05	0.838259759
0.993807887	1982.404621	24.39552293	0.100332762	0.013659689	-0.440011004	0.000541144	3.85083E-07	0.790187083	0.440011004	0.445412213	-0.006120674	-0.004640965	-3.66888E-05	0.83780515
0.99793595	1990.639103	24.39579945	0.033540579	0.013673457	-0.439968818	0.000540982	1.1762E-07	0.789867825	0.439968818	0.445314437	-0.002039765	-0.004642806	-1.27179E-05	0.83757554
