t,u,tke,sdr
4000.0,1.0901344867136435,0.030745106520578946,41.42880739018323
4000.3999999999905,1.000000107327792,0.030661018159219455,41.3480488595452
4000.799999999981,1.0000001311287108,0.030490715539819937,41.32507371147156
4001.1999999999716,1.0000007239317221,0.03035413519096697,41.308309573610664
4001.599999999962,1.000001062453631,0.030227162182102037,41.2962431638305
4001.9999999999527,1.000001158691423,0.03010797309899366,41.28679435323289
4002.3999999999432,1.0000011580464172,0.029998243750230823,41.279021940228304
4002.799999999934,1.0000011481582667,0.029899476661788413,41.27269213010538
4003.1999999999243,1.000001168014983,0.02981161591643184,41.2676426955799
4003.599999999915,1.0000012312298385,0.029733939277690503,41.26369353763245
4003.9999999999054,1.0000013398259333,0.02966563367430928,41.26065485936819
4004.399999999896,1.0000014915305981,0.02960580840131567,41.258362032953016
4004.7999999998865,1.000001680575677,0.029553453032952186,41.25666945330956
4005.199999999877,1.000001901461122,0.029507184291237106,41.2554465437309
4005.5999999998676,1.0000021490183535,0.029464944570221935,41.25458093675317
4005.999999999858,1.0000024160646193,0.029423816637668125,41.25397788671869
4006.3999999998487,1.0000026874516115,0.029379940537527332,41.253542750959674
4006.799999999839,1.0000029466513434,0.029328388750676688,41.25315705282881
4007.1999999998297,1.0000031820655428,0.029263118559590944,41.252665293014225
4007.5999999998203,1.000003360012606,0.029176861717072018,41.251863682798536
4007.999999999811,1.0000034215202684,0.029060648219638427,41.2505270239391
4008.3999999998014,1.0000033188321202,0.028902917373718022,41.24847934083312
4008.799999999792,1.0000030515050518,0.028689760402042783,41.24566843625625
4009.1999999997824,1.0000026427291864,0.028407981580362052,41.24223256399499
4009.599999999773,1.0000021124333824,0.028050228816691145,41.2385682325771
4009.9999999997635,1.0000014781954139,0.027618366335092192,41.23529785462992
4010.399999999754,1.0000007646665316,0.027123962673945918,41.233107156000095
4010.7999999997446,1.0000000114259728,0.026586316115552268,41.232557991159624
4011.199999999735,0.9999992833169701,0.02602739665521084,41.23389662440868
4011.5999999997257,0.9999986509357708,0.025462740750058274,41.236706138196695
4011.9999999997162,0.9999981766325696,0.024887552446155668,41.23963196559993
4012.399999999707,0.999997928052117,0.024266515970355704,41.24060853649159
4012.7999999996973,0.9999979553772128,0.023540477442547492,41.23790286132637
4013.199999999688,0.9999982687252039,0.022656333710993137,41.23035056243787
4013.5999999996784,0.9999987718499949,0.02160244009249361,41.2173766893596
4013.999999999669,0.9999992643100599,0.02042077471629342,41.19859059861792
4014.3999999996595,0.9999996577877744,0.019200053689094866,41.17343188778545
4014.79999999965,1.0000001114858112,0.018045472872051486,41.142289731900675
4015.1999999996406,1.0000006888865294,0.017037961598447324,41.10771065791324
4015.599999999631,1.0000014103407182,0.016221558935610773,41.07415978606491
4015.9999999996217,1.000001605642351,0.015611319240176929,41.04636390085843
4016.399999999612,0.9999998401748356,0.015202214911111338,41.02735744561109
4016.7999999996027,0.9999959520436625,0.014960620383913076,41.01618319816524
4017.1999999995933,0.9999938241333026,0.014858560656195497,41.0115680867891
4017.599999999584,0.9999974764148755,0.014922406231264836,41.01840993753228
4017.9999999995744,1.0000026973697995,0.01534651934058419,41.04545543701857
4018.399999999565,1.000005984931972,0.016264946319687387,41.09550800882681
4018.7999999995554,1.000013611381424,0.01757483717157135,41.18107782024507
4019.199999999546,1.0000212357348401,0.01891822826064994,41.294384442260075
4019.5999999995365,1.0000187804946188,0.019980495636940904,41.41681818679843
4019.999999999527,1.0000125146370573,0.020491876410139748,41.46186207235325
4020.3999999995176,1.0000072347869151,0.02054726607243001,41.444827513870486
4020.799999999508,1.0000031323978242,0.020335858759317458,41.41959584117608
4021.1999999994987,1.0000002146314482,0.019981671802035073,41.39046307804542
4021.5999999994892,0.9999982079253208,0.019554940288188542,41.36188341182009
4021.9999999994798,0.9999964828222907,0.019095995082534987,41.335381963185725
4022.3999999994703,0.9999946575359633,0.018628543764697202,41.31205333354275
4022.799999999461,0.9999929438109461,0.01816755173232936,41.2927019875034
4023.1999999994514,0.9999916407466376,0.01772464531416844,41.27748765224317
4023.599999999442,0.999990801388315,0.01731121937626083,41.26638726797061
4023.9999999994325,0.999990236912552,0.01693883105135813,41.25890383841186
4024.399999999423,0.9999896874189699,0.01661939088458419,41.25436602733567
4024.7999999994136,0.9999889219407726,0.01636515111209558,41.25212847246287
4025.199999999404,0.9999878178350572,0.016188051599779596,41.25175127963268
4025.5999999993946,0.9999863326751486,0.016098836473998537,41.253143987679294
4025.999999999385,0.9999844751664224,0.01610501438743475,41.25632048100774
4026.3999999993757,0.9999823296397035,0.016207912627475035,41.26127993197041
4026.7999999993663,0.9999800820284184,0.016401557670894292,41.267889055821215
4027.199999999357,0.9999780136166669,0.01667560310425696,41.276191193478105
4027.5999999993473,0.9999764599996351,0.017023494682266955,41.28705874790527
4027.999999999338,0.9999757928019072,0.017439014218001248,41.30229054397896
4028.3999999993284,0.9999765414313448,0.01786203015565769,41.32269628825715
4028.799999999319,0.9999793044421128,0.018106407950736196,41.344374622413746
4029.1999999993095,0.999984648779677,0.01790889766678628,41.36031369893846
4029.5999999993,0.999993521035476,0.017082081157629013,41.36613326623858
4029.9999999992906,1.000007520154197,0.015608870921575731,41.36035692120825
4030.399999999281,1.000027292544255,0.013702976307302776,41.337435423781294
4030.7999999992717,1.00004961204548,0.01178060500917973,41.28782594601279
4031.199999999262,1.0000699991623179,0.010246491320200408,41.212127105737935
4031.5999999992528,1.000086734456582,0.009267394333848959,41.1358818973009
4031.9999999992433,1.0000956904380145,0.008734565198860414,41.08191722427793
4032.399999999234,1.0000990319048906,0.008444424450394323,41.042841972137474
4032.7999999992244,1.0001053613360877,0.008255830626800135,41.005315081901045
4033.199999999215,1.0001202689164594,0.008107205101796314,40.965109058990755
4033.5999999992055,1.0001451189731412,0.007973467252586913,40.92274533031403
4033.999999999196,1.000179866147122,0.007855327907576114,40.88598184722416
4034.3999999991865,1.0002231198478237,0.007767689155174667,40.86955929341039
4034.799999999177,1.0002714446188403,0.007727960704024742,40.8794190474355
4035.1999999991676,1.000319437318269,0.007738406700170633,40.90686634184073
4035.599999999158,1.0003589653948757,0.0077967686529920605,40.935992799283284
4035.9999999991487,1.0003776388951338,0.0079046537405616,40.957708461405055
4036.3999999991393,1.0003622688500602,0.008056666471183206,40.976562415833115
4036.79999999913,1.0003120402154453,0.008230718995671267,40.9973759319216
4037.1999999991203,1.000243274509483,0.008398333156988451,41.024293553430645
4037.599999999111,1.0001736227050415,0.008545816622980425,41.06331118705515
4037.9999999991014,1.0001139420325742,0.008648883227804612,41.116894012966156
4038.399999999092,1.0000689442727808,0.008656949980333764,41.17756154113091
4038.7999999990825,1.0000390317302001,0.008539893516598457,41.234547256332405
4039.199999999073,1.000022404359662,0.008292022010558044,41.283503173157115
4039.5999999990636,1.0000152503910733,0.007939602750926485,41.325515465493545
4039.999999999054,1.0000127776712116,0.007552493466767669,41.36188399768458
4040.3999999990447,1.0000114978374086,0.007217604544209152,41.389784609328565
4040.799999999035,1.000009745034412,0.006994569642749535,41.40377118638612
4041.1999999990257,1.0000064180944959,0.006887316026594654,41.40064480736622
4041.5999999990163,1.0000006512987114,0.0068541776523068825,41.38054466582036
4041.999999999007,0.9999940604600993,0.006839922556170322,41.34473132668313
4042.3999999989974,0.9999921563717584,0.006793712359847715,41.2942220054869
4042.799999998988,1.000005325104269,0.006688906923193699,41.22780684528247
4043.1999999989785,1.0000515778854937,0.006532792818662084,41.14763696021032
4043.599999998969,1.0001477950194346,0.006362153700190327,41.08123398923868
4043.9999999989595,1.0002734530959458,0.0062277496745159885,41.06983051256521
4044.39999999895,1.0003171541127105,0.0061431400304698845,41.10996631391625
4044.7999999989406,1.0000607282892104,0.0060749275290042275,41.16725679989712
4045.199999998931,0.9993729374968127,0.005977797853929343,41.246053448313276
4045.5999999989217,0.9983294770782924,0.005884905450411372,41.378873045408746
4045.9999999989122,0.9970383177731842,0.005832412361732916,41.586520686080554
4046.399999998903,0.9955973062672769,0.005762482704857848,41.83994822218079
4046.7999999988933,0.9951908615624686,0.005525585482846563,41.95098207311179
4047.199999998884,0.9951231100476161,0.005205844057104675,41.78328811735305
4047.5999999988744,0.9964375249055701,0.004927985939565673,41.57982378697495
4047.999999998865,0.9975678482680586,0.004642915885271645,41.54980099666694
4048.3999999988555,0.9980204707252656,0.0044311200804535815,41.46988630988453
4048.799999998846,0.9982463217894115,0.004345808070770487,41.496265349773616
4049.1999999988366,0.9984357480494802,0.004395902169869818,41.580612658064304
4049.599999998827,0.9986836818624666,0.004610808537401658,41.680303010796564
4049.9999999988177,0.9991307943608101,0.004991816403492509,41.989375945761225
4050.399999998808,0.9995216511631818,0.005257024794115322,42.21453326749921
4050.7999999987987,1.0002734766108279,0.0053961646994647415,42.16926467543141
4051.1999999987893,1.0006787020122694,0.0055643794919375145,42.30049487659146
4051.59999999878,1.0009768916122543,0.005535902366075704,42.568842642755186
4051.9999999987704,1.0010233187722204,0.005285644664209018,42.57009498465886
4052.399999998761,1.0005071077803356,0.00512616135245153,42.73984989042052
4052.7999999987514,0.9993727645960764,0.005208527015969332,42.9232602390401
4053.199999998742,0.9978980804142518,0.005251123612892304,42.96254222608351
4053.5999999987325,0.9962662004003272,0.005133962417560834,43.028821655069784
4053.999999998723,0.9954894237583407,0.005050903203781148,43.14858720537006
4054.3999999987136,0.9957807160857303,0.005173211672090633,43.33915848469313
4054.799999998704,0.9983175723567689,0.005184406313319391,43.346009763959906
4055.1999999986947,1.0004783655629679,0.0053622346241383335,43.651418820650406
4055.5999999986852,1.001422506576097,0.005477542527048071,43.86797236494611
4055.999999998676,1.0018792702891233,0.005631969702381293,44.20984144800341
4056.3999999986663,1.0032969191558916,0.005514772247147418,44.13985317996326
4056.799999998657,1.004357318117734,0.005523561149866425,44.223101598709704
4057.1999999986474,1.0008807265015827,0.005714980696545943,44.721661575603555
4057.599999998638,0.9989347894179942,0.005007277625342106,44.325419126739135
4057.9999999986285,0.9983387587333324,0.00474174232114073,43.58721527839731
4058.399999998619,0.999530083251197,0.004657554087318025,43.20397376496356
4058.7999999986096,1.0006518341039286,0.004587867417439917,43.04830000460007
4059.1999999986,1.0005675360714952,0.0045394597104968125,42.77314670233534
4059.5999999985906,1.000040600159897,0.00450357597817243,42.981345529826015
4059.999999998581,0.998814997212318,0.004431566835220118,43.19699041630447
4060.3999999985717,0.9983752347572326,0.004721551125642491,43.35135943989314
4060.7999999985623,0.9993067282830691,0.004952052264035939,43.682210795547505
4061.199999998553,0.9994249721158569,0.00491800180534161,43.929284617536496
4061.5999999985434,1.0000807326363037,0.004611017070630078,43.90185799673341
4061.999999998534,0.9994899361539916,0.004412056903655725,43.81282760711871
4062.3999999985244,0.9996216617856087,0.0043850407807778935,44.00013843481181
4062.799999998515,0.9999561090283081,0.0048995389265226045,44.50999749528992
4063.1999999985055,1.000681144798411,0.004891836739217048,44.72523727020454
4063.599999998496,1.0007190253801512,0.004201402791229616,44.30594111218897
4063.9999999984866,1.0008591728917509,0.003947568725254406,43.92444106690636
4064.399999998477,1.0008194921608236,0.004297567072000415,43.99837108385903
4064.7999999984677,1.0006722295428718,0.004302527910817848,44.21046198843271
4065.199999998458,1.0014315627316224,0.004338595188309791,44.06177726214855
4065.5999999984488,1.0013083754192895,0.004398682828268045,44.62063457564444
4065.9999999984393,1.0005370891653245,0.004190994752401429,44.7306842252142
4066.39999999843,0.9995975530075771,0.003749408550317415,44.70298152035903
4066.7999999984204,0.9982416836273204,0.0036112170657322806,45.05474339693805
4067.199999998411,0.99865677098769,0.0036290652031664484,44.96019605807662
4067.5999999984015,1.0003225883041067,0.004083656935612596,45.64446388091895
4067.999999998392,1.0006752810695863,0.004245627558818515,45.81528807978198
4068.3999999983826,0.9998352599449427,0.004857289026332489,45.68313114546461
4068.799999998373,0.999827783386494,0.00439619042376144,45.08837901468854
4069.1999999983636,1.0008017034538674,0.004018822844493933,44.59321212024388
4069.599999998354,1.0014438728737582,0.003848353475330333,44.47198295566827
4069.9999999983447,1.0027047015331487,0.0038674760965858646,44.95839702704849
4070.3999999983353,1.001286932543004,0.004084989417976241,45.38118048619394
4070.799999998326,0.9988415106858578,0.003976976420710342,45.00653350150053
4071.1999999983163,0.9972782531574568,0.003738764310718745,44.62711871956428
4071.599999998307,0.9964776709451177,0.0036362424760406657,44.50028328999817
4071.9999999982974,0.9956065718758259,0.00344241121504803,44.46922303666522
4072.399999998288,0.9945262733727981,0.0034403484424532357,44.38243665672422
4072.7999999982785,0.9943059257671887,0.0031209588877256864,44.4155499758186
4073.199999998269,0.9945823290431943,0.002967741949305882,44.829978207483116
4073.5999999982596,0.9938300550217661,0.002705861729389826,44.370640112741754
4073.99999999825,0.9939531378425008,0.0025440366236440235,44.12023716101853
4074.3999999982407,0.9947357177010899,0.0024224416218300016,43.79249897464619
4074.799999998231,0.9955257121052902,0.002474803981069745,43.703394417219826
4075.1999999982218,0.9955340638965141,0.002665178066222564,43.969189956366975
4075.5999999982123,0.9963055653227005,0.0026233983641513227,44.02386718056014
4075.999999998203,0.9967302458971192,0.0023983390366019287,44.11260146209392
4076.3999999981934,0.995667545007033,0.0023174780688509132,44.171852900112576
4076.799999998184,0.9954855736219823,0.0024516322897648415,44.61388762022959
4077.1999999981745,0.9950676267570678,0.002603673314109858,44.899504015389105
4077.599999998165,0.996024265773217,0.0026536656349645245,44.89096612574634
4077.9999999981555,0.9951454223853274,0.002729620842841186,44.61111603814595
4078.399999998146,0.9940811980233639,0.0029981538432819607,44.915238826160646
4078.7999999981366,0.99449377259872,0.002785137820934971,45.102534481950194
4079.199999998127,0.9959943987814249,0.002483135222641478,44.67442884005066
4079.5999999981177,0.9954428117275816,0.0023847624786264756,44.63118303616804
4079.9999999981083,0.9952258859697991,0.0021234601401987846,44.323986673718395
4080.399999998099,0.993207143059345,0.002261891994045543,44.44871088988621
4080.7999999980893,0.9955399190468193,0.002490866191025826,44.7205379140995
4081.19999999808,0.9960089781323711,0.0026947220554988344,45.07415773668516
4081.5999999980704,0.9972970038775677,0.0026082284697685598,45.33084648952541
4081.999999998061,0.9983636317284743,0.0026972595407632137,45.63257336472402
4082.3999999980515,0.997438442147459,0.0031114837317463093,45.63896228287864
4082.799999998042,0.9982658093912156,0.002984360841656597,45.18564135247013
4083.1999999980326,0.9985832026671417,0.0025233478420623842,44.793834967557395
4083.599999998023,0.9982807387066186,0.0019744453338011335,44.39168233489198
4083.9999999980137,0.998134217657622,0.001783445638686962,44.26718234986867
4084.399999998004,0.9984928854105879,0.0017990461526681421,44.359780654532415
4084.7999999979947,0.9978843792759023,0.0017787516299449643,44.456055439748305
4085.1999999979853,0.999190069500062,0.0017960423015415238,44.488858316756115
4085.599999997976,0.9988807753991163,0.001906125132955604,44.568804723429665
4085.9999999979664,0.9989100235611765,0.0020724105950591792,44.65006475364299
4086.399999997957,0.9998280414894605,0.0020322913662604086,44.643734807422916
4086.7999999979475,0.9998043405196352,0.0019182819019284163,44.57348959130815
4087.199999997938,0.9993567607934063,0.0018201230270939804,44.5835110874755
4087.5999999979285,0.999727500892539,0.001930040282013494,44.717666548875215
4087.999999997919,0.9993218400009405,0.0020438601552098873,44.76259079616784
4088.3999999979096,0.9977236214822977,0.002080071837000957,44.65861331791475
4088.7999999979,0.996751242384034,0.002200637789898759,44.59062231406184
4089.1999999978907,0.9970318575215772,0.002235845748883362,44.6166019866908
4089.5999999978812,0.9967726288899621,0.0024540688695128283,44.82422321668743
4089.999999997872,0.9975775917865556,0.0024073065380339235,44.97873881808765
4090.3999999978623,0.9979569481770469,0.0023390647984755006,45.0522387154502
4090.799999997853,0.9980546096411231,0.002322812978076129,44.99768172944196
4091.1999999978434,0.9981132688585321,0.0023648088902282105,44.754635360000734
4091.599999997834,0.9964530398752477,0.002499322897352379,44.97886592783595
4091.9999999978245,0.9949779842547026,0.002654872494707585,45.36613881993113
4092.399999997815,0.9939894707086627,0.002900853176272215,45.47048991574061
4092.7999999978056,0.9937105502891911,0.002861843281424782,45.45244748030286
4093.199999997796,0.9948894174627249,0.0025401569481466975,45.51770063028289
4093.5999999977867,0.9941169325475612,0.0023746582297936585,45.21106721565602
4093.999999997777,0.9953598699171592,0.0024309381005637003,45.114356450834755
4094.3999999977677,0.9984572273219314,0.0025476003436280038,45.17659231846703
4094.7999999977583,0.9978949366369678,0.002523730028326544,45.051426853145
4095.199999997749,0.9981393601880643,0.002125942229427645,44.85855532606076
4095.5999999977394,0.9995298232757842,0.0017965828502833309,44.65054724531738
4095.99999999773,0.9991880288113751,0.0019511570514792666,44.722605341644496
4096.39999999772,0.999551279463515,0.0018938398963652759,44.555977066881844
4096.799999997711,1.000877592335329,0.002151132240897577,44.53398332979791
4097.1999999977015,0.9993310994959876,0.002730669837307821,44.9159493135073
4097.599999997692,0.9996393471923462,0.0031192041482496187,45.29442037350727
4097.999999997683,1.0009282554637156,0.002753459623735288,45.02571992110867
4098.399999997673,1.000542270227692,0.0020999270182822647,44.715598230179054
4098.799999997664,1.0001974978499348,0.0017359526822402856,44.36913870059625
4099.199999997654,1.000090923237434,0.0018128796241021652,44.486799285655565
4099.599999997645,1.0001352368320275,0.0017269045572260715,44.358622534294256
4099.999999997635,0.9998516691895184,0.001716573557644887,44.366564554729315
4100.399999997626,0.9991489900358171,0.0018271635322422385,44.38584479645799
4100.799999997616,0.9990823408260626,0.0017437665075224617,44.31332354620784
4101.199999997607,0.9988669982128234,0.001575781594113221,44.11169401530298
4101.5999999975975,0.9989281352414441,0.00169501775979876,44.34589297801227
4101.999999997588,0.9996804302513446,0.001973651275153228,44.74361064281929
4102.399999997579,0.9991641232853482,0.0020365175333915027,44.72191190648575
4102.799999997569,0.9981969034154953,0.0023105700653994455,45.050060562322436
4103.19999999756,0.9965835299394329,0.0021161971162513794,44.896135235239775
4103.59999999755,0.9956673758904306,0.002110662591734911,44.73767234455579
4103.999999997541,0.9958523809176142,0.0021308636130692375,44.687342625031924
4104.399999997531,0.9968403390867274,0.0021531548724326383,44.781174842135954
4104.799999997522,0.9978146387548581,0.002069975575742579,44.61880655362679
4105.199999997512,0.9983574167806858,0.002071877562901221,44.65359173321243
4105.599999997503,0.998824579376394,0.0018779509518433806,44.474753052479834
4105.999999997493,0.9996923953845386,0.0017589192832754912,44.406143892849435
4106.399999997484,1.0003152396967407,0.0017387152950309862,44.48954988106968
4106.7999999974745,1.0009954174227051,0.0017894655878984821,44.677832784017745
4107.199999997465,1.0009730473793135,0.0019529381200718708,44.98886352768167
4107.599999997456,1.000300754602337,0.0019552200896348956,44.758698816931506
4107.999999997446,1.0008130537822366,0.001834204717709396,44.61025006087771
4108.399999997437,1.0011721901257613,0.0019530791016162993,44.6228773888626
4108.799999997427,1.000401810662659,0.0019234347971834132,44.391513861815554
4109.199999997418,1.0017530065819684,0.001915006367996773,44.36566569517792
4109.599999997408,1.0029929740126353,0.0019655055428075122,44.35957085958371
4109.999999997399,1.0039172398926999,0.0021420612848892244,44.43166285524354
4110.399999997389,1.0034938017301234,0.00221134337909965,44.568357171808096
4110.79999999738,1.0034598707965443,0.002325355150665697,44.899372710807114
4111.1999999973705,1.0025185452357648,0.0023614441470179207,44.86751985614989
4111.599999997361,1.0026451012372757,0.0026237776492043594,45.24748710401952
4111.999999997352,1.0014083190477152,0.0025202142162256847,45.18112227405032
4112.399999997342,1.0015320273684174,0.002537219735163172,45.23318031828783
4112.799999997333,1.0021928771916138,0.0027082845513232566,45.368217117552575
4113.199999997323,1.0006869423626379,0.0023152769970422823,44.973465950670395
4113.599999997314,1.0004220046463865,0.0016864804242016928,44.41004333045007
4113.999999997304,0.9999068184758794,0.0014769932551177295,44.12951841156692
4114.399999997295,0.999796010842066,0.001544850389837863,44.13579653873077
4114.799999997285,1.0008629688380701,0.001563730427006255,44.062566483844996
4115.199999997276,0.9997139964565677,0.0015263202925672615,43.94794132849794
4115.599999997266,0.9996063263165227,0.001731043502081647,43.992738908272095
4115.999999997257,0.9988175916952847,0.0018298154065361392,44.12995563056682
4116.3999999972475,0.9982822465343869,0.0018328155562912834,44.09457819742551
4116.799999997238,0.9990193266522672,0.0021014648075823174,44.16730313339904
4117.199999997229,1.0002278628194354,0.002130488019174058,44.20004358899576
4117.599999997219,0.9995286466309747,0.0024084671623027876,44.622256746476786
4117.99999999721,0.9999479895060976,0.0023986140460968597,44.827337899106425
4118.3999999972,1.0034362470243035,0.002299275600777403,44.802071835964455
4118.799999997191,1.0033872159046766,0.0022885175709167088,44.809682823741866
4119.199999997181,1.0019479322450382,0.002188844757030206,44.84119102823891
4119.599999997172,1.0004379345533776,0.0022354740565543323,44.94090102230706
4119.999999997162,1.0009940668674218,0.0023036907732529384,45.087068676374344
4120.399999997153,1.000727135901817,0.0022845252633340693,45.03697886359106
4120.7999999971435,1.0017626400069122,0.0024439724536905786,45.244901186577685
4121.199999997134,1.002566862557577,0.0025420866132581377,45.41028464444912
4121.5999999971245,1.001051375912684,0.002545304837256297,45.30703306139502
4121.999999997115,1.0012747125310169,0.002604022240210263,45.28538582156322
4122.399999997106,1.0013577124303148,0.0025532676683699706,44.95099870026496
4122.799999997096,1.002926549740642,0.0021110470427141035,44.46220520919826
4123.199999997087,1.0024940358962076,0.0020138462069035235,44.35915614562957
4123.599999997077,1.0015885255761938,0.001867801255884783,44.29114305597974
4123.999999997068,1.0012378730001514,0.0018695937454822906,44.540762448307255
4124.399999997058,1.0015799630304798,0.0021125732719274974,44.66041481092699
4124.799999997049,1.0015431434981863,0.0019317437724830735,44.74316000724315
4125.199999997039,1.0012860983363139,0.001890188987275737,44.74167623661147
4125.59999999703,1.0004605593771485,0.0019673543249522888,44.98460905349101
4125.9999999970205,0.9990205852330046,0.0018787182263464998,44.67156376277
4126.399999997011,0.998935544151257,0.0016757563898198245,44.31113796624939
4126.799999997002,1.0011174025987346,0.0017331803859565655,44.33122297122794
4127.199999996992,1.0028680252311803,0.00177153556707936,44.40839375237345
4127.599999996983,1.0029224270899917,0.0017330385321477583,44.485165467468036
4127.999999996973,1.0025523054968326,0.0018760413727192963,44.70326518127809
4128.399999996964,1.0013526561836361,0.0020428049629033166,44.48494186951313
4128.799999996954,1.0012277378887546,0.002110814332234265,44.606448606502404
4129.199999996945,1.0012825293433214,0.0020738608317022,44.63337389767858
4129.599999996935,1.0016300031121816,0.0021081187407706327,44.60463660817406
4129.999999996926,1.0016570598411996,0.0021275083553695825,44.59398941064766
4130.399999996916,1.0022650858340298,0.0021715279364284256,44.74142866271971
4130.799999996907,1.0011140415334503,0.0022895814512770736,44.95855179711835
4131.1999999968975,0.9997252825799819,0.0022386653368918993,45.05058076130492
4131.599999996888,0.9999549448733128,0.0021317741117165396,44.9221226910419
4131.999999996879,0.9995820371840703,0.0020570835177197576,44.673064340314426
4132.399999996869,0.9997903939771631,0.002132502575583932,44.668367901501306
4132.79999999686,0.998455052912227,0.0017433439972189596,44.25408527047178
4133.19999999685,0.9993141033434875,0.001689156205484455,44.18981319954127
4133.599999996841,0.9990724840193126,0.0018006900720270093,44.49446006628648
4133.999999996831,0.9989916528436729,0.0018362983363735277,44.50679134297088
4134.399999996822,0.9990452790961685,0.0019370390358150508,44.40041835109393
4134.799999996812,0.997865883560303,0.0018725990356248312,44.32387268799174
4135.199999996803,0.9979066266795035,0.001852586694277134,44.153544592311995
4135.5999999967935,0.9990529375880189,0.0018708619839614246,44.14456473886153
4135.999999996784,0.9988910682175398,0.0016736643067797327,43.92084488096346
4136.399999996775,0.9979708394724816,0.001626606402122325,43.978250101286925
4136.799999996765,0.9985861441952066,0.001625150379549703,44.15784208595772
4137.199999996756,1.0004213730886462,0.0016482296401754153,44.300142836982275
4137.599999996746,1.000844945483119,0.0017317661585066885,44.289761289805725
4137.999999996737,1.0012934636460262,0.001671962354155775,44.08272568023623
4138.399999996727,1.0005542414011177,0.0015291909240215686,43.97406629720335
4138.799999996718,1.0000956370918508,0.0016119261054164053,44.04349677167177
4139.199999996708,1.0007096389744516,0.0015973449461772853,44.086885435059635
4139.599999996699,1.0007361843092208,0.0017769433440304055,44.21284081330461
4139.999999996689,0.999582885562601,0.002100028259810168,44.40954008592672
4140.39999999668,1.0003148662575672,0.0022382747583561988,44.439179668575854
4140.7999999966705,0.9987792884046204,0.0020792298415836345,44.402367113871684
4141.199999996661,0.9985019870278321,0.0019598991528560843,44.47178311873893
4141.599999996652,0.998671797694333,0.001949681835928583,44.44262355594873
4141.999999996642,0.9981981511412837,0.0017690205392665993,44.05458537704386
4142.399999996633,0.9974642280759717,0.0016353873697057767,44.050811431480305
4142.799999996623,0.9975311480441859,0.0015401514184072282,44.053229089369765
4143.199999996614,0.9978738571518583,0.0015303014059488689,44.18631817184348
4143.599999996604,0.9984316436454405,0.0018020368841104686,44.5332603734699
4143.999999996595,0.9980426799177068,0.0018930458594370776,44.53441913947624
4144.399999996585,0.9977519215900726,0.0017837140530974091,44.473718462107534
4144.799999996576,0.9986663427016391,0.0016740061857220365,44.35821489014209
4145.1999999965665,0.9990929766953441,0.001637581358531605,44.221618894063276
4145.599999996557,0.9990632588187146,0.001536410873219842,43.92839508488896
4145.999999996548,0.9988574043850332,0.0014952549546554245,43.910629994258805
4146.399999996538,0.9987477393442226,0.0014959595105705223,43.77485140708094
4146.799999996529,1.0003655243270326,0.0016271395326773932,43.73420520946962
4147.199999996519,1.00147000237127,0.001874107298729095,44.06109499412563
4147.59999999651,1.0010405073905595,0.0019801550078492975,44.13619789699363
4147.9999999965,1.0000508034520774,0.0018796240542271775,43.95302588621148
4148.399999996491,1.0010282902786105,0.0018423726767612721,44.09439065735733
4148.799999996481,1.0018318669614756,0.0016104514211247843,43.94556336033173
4149.199999996472,1.00090963681826,0.0015387138228666112,43.93022033917676
4149.599999996462,1.000802165602585,0.0015886247911373699,43.89668691385157
4149.999999996453,1.000188354041241,0.001656658094483085,44.050380046832004
4150.3999999964435,1.0004659279967623,0.0016869153039981665,44.06436722839339
4150.799999996434,0.9997537182479064,0.0014860142972521015,43.7833181477051
4151.199999996425,0.9993376175646567,0.0014106238826351591,43.63941922481584
4151.599999996415,0.9990376982823254,0.001498568120359178,43.76235339520193
4151.999999996406,0.9985350536073727,0.0015566998836580577,43.969091667519265
4152.399999996396,0.9975334802429718,0.0016163510375413357,44.07866582726534
4152.799999996387,0.997176060773777,0.0017527658321666092,44.03972620279921
4153.199999996377,0.9967971479500558,0.001748526132935419,43.85977373807684
4153.599999996368,0.9969062886885051,0.0016842415752803992,43.82411366004
4153.999999996358,0.9980069039334091,0.0016371376719522357,43.82208612293438
4154.399999996349,0.9979951420266329,0.0016818744746866178,43.871199781380156
4154.7999999963395,0.9969165850202497,0.0015762056064714527,43.870556430225236
4155.19999999633,0.9959181881832313,0.0015398933956915078,43.83886634030359
4155.599999996321,0.9957649079585789,0.001542514265842163,43.940756178673716
4155.999999996311,0.9961482349562253,0.0015551469247427616,43.95305330910045
4156.399999996302,0.9967457241278964,0.0016208137890083715,43.89547041616676
4156.799999996292,0.9983943412762754,0.00163764530773402,43.83007699736325
4157.199999996283,0.9979782208055343,0.0016404177965771668,43.93033101354358
4157.599999996273,0.9984514909659054,0.0016492119517439237,43.95112574000627
4157.999999996264,0.9999494182335672,0.0015648929021013136,43.93910900375726
4158.399999996254,0.9999147408795991,0.0015142365463357555,43.832518759491904
4158.799999996245,0.9999559467896884,0.0016560172674295185,44.09148767008803
4159.199999996235,1.0004717698229877,0.001890430154459345,44.419787431761456
4159.599999996226,1.0015139940172348,0.001957603561936044,44.3180932768568
4159.9999999962165,1.0010900557528113,0.0020575504013484623,44.38794187693449
4160.399999996207,1.0000594153055302,0.0020043646431367216,44.354101392582486
4160.799999996198,0.9997836577393454,0.002095486872669605,44.31942266751184
4161.199999996188,0.9996801837608187,0.0020393161649538785,44.33515657863798
4161.599999996179,1.0002527542052846,0.0021971827393165817,44.29720247094354
4161.999999996169,0.9997728647459028,0.001993776730976319,44.152433541737445
4162.39999999616,0.9996648222562604,0.0016657046070731219,43.82855510113972
4162.79999999615,0.9993477244450144,0.0017895050368659726,43.90611104856846
4163.199999996141,0.9979992977197973,0.0019524286269952944,44.14488923594453
4163.599999996131,0.9975515299687445,0.002210412256194832,44.372099474277675
4163.999999996122,0.998526726520123,0.0024586827110287023,44.7015457813137
4164.3999999961125,0.9996633612313259,0.002415080538179635,44.87806537887004
4164.799999996103,0.9997220409138391,0.0023499354473106764,44.95810518596414
4165.1999999960935,0.999875879260666,0.002418185522764899,44.76709014789648
4165.599999996084,0.9977734580462588,0.002119791948377174,44.67459867594616
4165.999999996075,0.9967165936931507,0.0018300792041749429,44.52276436166844
4166.399999996065,0.9960449372915688,0.0016835555756726324,44.1999647626476
4166.799999996056,0.9955093702959176,0.0016023565234958594,44.007713626703335
4167.199999996046,0.9934843006191851,0.0018257891325902135,44.17840030997564
4167.599999996037,0.9949966483457354,0.0021493149900361306,44.481289358257136
4167.999999996027,0.9963119022875642,0.0020321933145397743,44.33639026082499
4168.399999996018,0.9971303561149523,0.002339379644952271,44.740731213643045
4168.799999996008,0.9961958359527947,0.0027269699618364942,45.15451038303028
4169.199999995999,0.9964913359200657,0.00256528922780311,45.03953217372232
4169.5999999959895,0.996991412679581,0.0025373389177513186,44.85997638101397
4169.99999999598,0.9974926717610969,0.00217202038154543,44.719562922315845
4170.399999995971,0.9987631600539778,0.0019076779910942828,44.603014665510926
4170.799999995961,0.9996844586631126,0.001890753572929184,44.51726100071781
4171.199999995952,0.9996969321777545,0.001983557357524517,44.49192459609652
4171.599999995942,0.9989394782807282,0.0023261459036620956,44.65798212143776
4171.999999995933,0.9984170308662743,0.0019442363740634551,44.46232852508798
4172.399999995923,0.9984139854057833,0.0019393831970341685,44.527034173765614
4172.799999995914,0.9972349348366467,0.002041326301732129,44.671576449662375
4173.199999995904,0.9969897723509352,0.002084475589411387,44.7614207633092
4173.599999995895,0.9982456818701771,0.001911453185342555,44.620256292557286
4173.999999995885,0.9985433015830867,0.0018674067474761928,44.55165328528795
4174.399999995876,0.9973641611532353,0.002042304618153062,44.43690309865222
4174.7999999958665,0.9965522885262369,0.002033334147998996,44.39924454041579
4175.199999995857,0.9949298371828755,0.0019106862879692556,44.49756209100902
4175.599999995848,0.9944456588545895,0.00180980727284339,44.466877890190815
4175.999999995838,0.9952888341764712,0.0017234941318326176,44.20551463401375
4176.399999995829,0.9963743281714195,0.001836717592590825,44.1493002241947
4176.799999995819,0.9961308959969977,0.0017389885474629226,44.245395707053085
4177.19999999581,0.995563327157016,0.001805862520050984,44.49910197765447
4177.5999999958,0.9949069188219705,0.00198040206195044,44.55097686654921
4177.999999995791,0.995610095536901,0.0020912900047311577,44.656651317150704
4178.399999995781,0.9964283440491103,0.0021990371944101456,44.6491322774
4178.799999995772,0.9963577232161447,0.002355150397462842,44.850537701359976
4179.1999999957625,0.9978947439056863,0.0024913975621930966,44.81001421216182
4179.599999995753,0.9981265884933712,0.0023982594628266093,44.79288470421116
4179.999999995744,0.9982359853673096,0.0022341720974130364,44.65157023656783
4180.399999995734,0.9982774390692661,0.002475889074634463,44.882548002942094
4180.799999995725,0.9992221278200695,0.002566465843536832,45.04016729896831
4181.199999995715,0.999249307720015,0.0025374480440659044,45.015465697612434
4181.599999995706,1.0000977122981773,0.002496077464663367,44.90815257379539
4181.999999995696,1.0008046748600856,0.0023037329723656335,44.78586728504421
4182.399999995687,1.0004620767610533,0.0021562894923099784,44.656674498143175
4182.799999995677,0.9990862734494148,0.001888081362961317,44.37781281562004
4183.199999995668,0.9981041556782599,0.001567486302066356,44.065865699795495
4183.599999995658,0.9970792768644724,0.0015054803527628018,43.927529591682955
4183.999999995649,0.9973417975459227,0.0015261892045714861,44.08183724670154
4184.3999999956395,0.9972595717618699,0.0016859287479719055,44.25972323717954
4184.79999999563,0.9967754247722747,0.0017522622079007453,44.179918725471275
4185.199999995621,0.9964013734175684,0.001687032038582641,44.003762587902685
4185.599999995611,0.9958222230302596,0.0017389296860747896,44.04015681738369
4185.999999995602,0.9962825027073494,0.0017443235754941886,44.134156082120185
4186.399999995592,0.99546081542971,0.0016560935863987889,44.05648039634421
4186.799999995583,0.9947956064287212,0.001624638617604493,44.02021504966926
4187.199999995573,0.9952575218927365,0.0016395778694636037,44.10585621807939
4187.599999995564,0.994337244169778,0.0017474412027852462,44.35902202720858
4187.999999995554,0.9950594881458479,0.00187115252621027,44.46266238343204
4188.399999995545,0.9961395922139128,0.001993805743207527,44.63466452658856
4188.7999999955355,0.9971185669975119,0.0021193486637832966,44.76060440446901
4189.199999995526,0.9975145212683822,0.0019893811686505793,44.63729014490686
4189.599999995517,0.9978937018078465,0.0019689406398845496,44.58993950427902
4189.999999995507,0.9974599438771544,0.0018224222675332334,44.53769009627452
4190.399999995498,0.9991316545149119,0.0018084260863903904,44.452810379557306
4190.799999995488,0.9989808990326332,0.0018855814239228388,44.376678425687516
4191.199999995479,0.9974000877301507,0.0018001212360064468,44.166826338031576
4191.599999995469,0.9973688612814365,0.0017180558205598484,43.95853279603713
4191.99999999546,0.9975325991983032,0.0017423582903998232,43.9770655512691
4192.39999999545,0.9983684240809568,0.0017846725747436573,44.0365110749607
4192.799999995441,0.9983174128985562,0.0019442810883159756,44.41432758388674
4193.199999995431,0.997511966904584,0.0020744488272229507,44.566227147186716
4193.599999995422,0.9963298645542835,0.0020305977013058882,44.44726244834663
4193.9999999954125,0.9958577407335787,0.001977832573260019,44.42217739267621
4194.399999995403,0.9948412827410472,0.0019101701680417193,44.373429613097144
4194.799999995394,0.9949558877443516,0.0018496449969617266,44.11420086388611
4195.199999995384,0.9955210912975598,0.0017211809677138631,44.07838911105416
4195.599999995375,0.9967444402444118,0.0018793511202616694,44.15291785951597
4195.999999995365,0.9981740774804984,0.0018151381019881761,44.15875986800908
4196.399999995356,0.9981050212582712,0.0018463623245985627,44.401230623732005
4196.799999995346,0.9976851990562838,0.00185898699075443,44.58664025651341
4197.199999995337,0.9976601817631147,0.00183366975719688,44.57414371010952
4197.599999995327,0.9961051414346151,0.0017845449575436254,44.58880218247175
4197.999999995318,0.99707768952194,0.0019376202816480447,44.5732255976867
4198.3999999953085,0.9975255651597019,0.001856346493299064,44.37786360557779
4198.799999995299,0.9972040477640632,0.0018874509129742391,44.35053956317593
4199.1999999952895,0.9983928629970884,0.001856122511604072,44.32378148806239
4199.59999999528,0.9986934024856777,0.0017711175196393712,44.16054814847697
4199.999999995271,0.9982221068201204,0.001942828264216231,44.12059852496373
4200.399999995261,0.9979795039769318,0.0020772643044847786,44.06310496677109
4200.799999995252,0.9984007039535663,0.0021194204183531346,44.12960572441399
4201.199999995242,0.998966312437349,0.0022935234151181877,44.417436338960364
4201.599999995233,0.9998678826269781,0.0023716740965247004,44.56938924863467
4201.999999995223,0.9991082634821655,0.0022615668190853156,44.44498092347568
4202.399999995214,0.9991299093892667,0.0022707090887019374,44.533401504394085
4202.799999995204,0.9991705632352623,0.0025426200398713425,44.807931675884795
4203.199999995195,1.00051666774522,0.0022431104304798683,44.59031923118507
4203.5999999951855,1.0006900765881133,0.0020909868906256804,44.374570196327454
4203.999999995176,1.0002491517113437,0.001954831621123187,44.20548200485791
4204.399999995167,1.0009827218625,0.002106636636693444,44.45758396481149
4204.799999995157,1.0016316183735325,0.0024886570586036398,44.75592016879235
4205.199999995148,1.0019762047171705,0.002774872658580919,45.067127092261096
4205.599999995138,1.0007232296926991,0.002606966520551338,45.11485215822924
4205.999999995129,0.9995611361737288,0.002316488647785325,44.81961320991045
4206.399999995119,0.9977506474342449,0.002007999624279562,44.5091973378304
4206.79999999511,0.9982148906515382,0.0020048994669353503,44.49869790094149
4207.1999999951,0.9998602734269584,0.0020389736951735887,44.53737388848418
4207.599999995091,0.9996047634417952,0.0020805716151791115,44.548638524929444
4207.999999995081,0.9997457138385151,0.0019167408988735406,44.247499957542445
4208.399999995072,0.9993950093838377,0.001833025359473806,44.14377676320423
4208.7999999950625,0.998863967527251,0.001888478620383633,44.30876659095515
4209.199999995053,0.9986606008242345,0.0020212827338367554,44.309708558199105
4209.599999995044,0.9998949165690981,0.0021720333368750273,44.4525801962374
4209.999999995034,1.0022855375610527,0.002328059361386417,44.69992246324982
4210.399999995025,1.00406601056854,0.0025142738994874633,44.899473401848034
4210.799999995015,1.0049012435183173,0.0025579749949633506,44.81883969158758
4211.199999995006,1.0020036640076062,0.0025865377366479352,44.83971249282268
4211.599999994996,1.0017581216806297,0.002346955854234278,44.63049590973223
4211.999999994987,1.0013742101671765,0.002259236507492189,44.50159276051042
4212.399999994977,1.0003827749637897,0.0019681435418952517,44.34276775869193
4212.799999994968,1.0002955163328104,0.0019180473478570387,44.39675065735833
4213.1999999949585,0.999983768878417,0.0019712340135987164,44.37481619552861
4213.599999994949,0.9996483713117871,0.0018937463233818937,44.51560368460358
4213.99999999494,1.0006883606654806,0.0018122074246661253,44.360183906192376
4214.39999999493,1.0008672873104487,0.0016967794684530249,44.108663155845115
4214.799999994921,1.000912132985386,0.001760733058115066,44.10676536226712
4215.199999994911,1.0006122941914681,0.0018069064395432313,44.06412644814588
4215.599999994902,1.001167504929498,0.001993550697033003,44.2311038814871
4215.999999994892,1.002414766521272,0.002012567565352531,44.17415659036684
4216.399999994883,1.001930799922497,0.0020395265506009843,44.22652768666546
4216.799999994873,1.0014704988807686,0.0016901171629488748,43.90949224518926
4217.199999994864,1.0013136600325603,0.0015333785374494393,43.81071781169736
4217.599999994854,1.0008223209626754,0.0014278639419042763,43.797260911809566
4217.999999994845,0.9998073567244178,0.0014008275890665105,43.83797585287183
4218.3999999948355,0.999597512029993,0.0013606778647646124,43.700690720149424
4218.799999994826,1.0001844839170018,0.0014365842026154432,43.63478603909695
4219.199999994817,1.0003456726116755,0.0017783537963294903,44.04133698591155
4219.599999994807,0.9991449020368005,0.0019641421661127966,44.43678958653847
4219.999999994798,0.9980635062232134,0.002126087639123127,44.61302997280864
4220.399999994788,0.9991750763096637,0.002304721874376694,44.68081682576699
4220.799999994779,1.0005814104578927,0.0019981881281448633,44.36358790769866
4221.199999994769,1.0017303850224404,0.0019301441901007866,44.243999490542684
4221.59999999476,1.0028068278578495,0.0022499280785120523,44.526013197367796
4221.99999999475,1.0012570278820012,0.0022931939480314223,44.61442295033314
4222.399999994741,1.0011348036249632,0.0020584338007060667,44.44551672827329
4222.7999999947315,1.0019293275325978,0.0019344384766423824,44.412095531718776
4223.199999994722,1.003163879898607,0.002429855841868405,44.856465403696895
4223.599999994713,1.0026642138764752,0.0026978177536369566,45.05873541382286
4223.999999994703,1.000716758578092,0.0023108224261898535,44.75153205579986
4224.399999994694,1.0016257465510645,0.0022067784439860553,44.693772375014106
4224.799999994684,1.0019880209516234,0.0019937996387157856,44.57162653609013
4225.199999994675,1.000408699192062,0.001946957658993879,44.45184803928215
4225.599999994665,1.0002476841997758,0.0018530509227298426,44.17213845599924
4225.999999994656,1.00004653087584,0.002041882896781097,44.28554585634757
4226.399999994646,1.0000467454041535,0.00203498833021389,44.331555420338006
4226.799999994637,1.0009418197922497,0.0018450487268544193,44.16851983800761
4227.199999994627,1.0013421804367064,0.0016066760352660618,43.94740078020002
4227.599999994618,1.0005863408669697,0.0014868681073497932,43.9191046953178
4227.9999999946085,1.0006582750254456,0.0013670149782308238,43.777568150025836
4228.399999994599,1.000941796118355,0.0014149266563801386,43.85224755608656
4228.79999999459,1.0007670402680118,0.001604835309494388,43.97881464874786
4229.19999999458,1.0015468960350205,0.001769048414871494,44.06945692731712
4229.599999994571,1.000454294502086,0.0018851457865325212,44.151297295482514
4229.999999994561,1.0008727924915588,0.0019828468543254874,44.19293161765554
4230.399999994552,1.0005140714057619,0.0019684160099946884,44.16156200059953
4230.799999994542,1.0008869514188214,0.0019907903113423283,44.19635996133691
4231.199999994533,1.0017194802573979,0.0015772152097377594,43.92210641222787
4231.599999994523,1.0026653444207323,0.0014700758978718814,43.8172505078308
4231.999999994514,1.0017460436752177,0.0016642946020699574,44.0583587679232
4232.3999999945045,1.000864757003376,0.0018656302457423102,44.22017068136365
4232.799999994495,1.0020730970393905,0.0020606532184039832,44.56865252530573
4233.199999994486,1.0009834569427942,0.002359908932669201,44.79743769763922
4233.599999994476,0.9995310114999272,0.0024448436970600173,44.67878947502905
4233.999999994467,0.999767815660886,0.0024672350019515313,44.58669923220707
4234.399999994457,1.000615937431113,0.002355806323279793,44.577133904404306
4234.799999994448,1.0049218349147557,0.0021430657494245294,44.53991331830065
4235.199999994438,1.0043039947232748,0.0020439155283617978,44.41637111354475
4235.599999994429,1.0033611834115563,0.001990667124736887,44.30452071377523
4235.999999994419,1.0021170618529618,0.0021140750247208404,44.363318214027174
4236.39999999441,1.0018693318766987,0.0024611967309567033,44.966631870069946
4236.7999999944,1.0008399928412304,0.0027573976017455045,45.14570280522208
4237.199999994391,1.0004376371072043,0.0025681977152617374,44.874211315142055
4237.5999999943815,0.9990633552760579,0.0024917691383673575,44.77793154609176
4237.999999994372,0.9986090558102956,0.002298252154673246,44.69357324944793
4238.399999994363,0.9985548669695132,0.002099709678933972,44.58660369648893
4238.799999994353,0.9985469648196307,0.0020647473471654765,44.42897377227062
4239.199999994344,0.9989523579869546,0.002054774545915301,44.47364958673957
4239.599999994334,0.9991618714694961,0.0020260569056897953,44.333999369485575
4239.999999994325,0.9998842660914786,0.0019046249315765212,44.28989849634264
4240.399999994315,0.9989231364573647,0.00211739802964702,44.535304933809485
4240.799999994306,0.997858638950222,0.0018730145653184903,44.364625381743714
4241.199999994296,0.9963963619657664,0.0015668043683053218,44.01668419649384
4241.599999994287,0.9969850942064963,0.0014725905486685882,43.894290534890544
4241.9999999942775,0.9982240732844311,0.0014642394138798059,43.824113703938586
4242.399999994268,0.9981556196962168,0.0015681891246384432,43.854848598312174
4242.7999999942585,0.9976568554561586,0.0017058642316283004,43.89440552724367
4243.199999994249,0.9981403739948291,0.0018037604105446408,44.01010132071389
4243.59999999424,0.9970975104755704,0.0019826786168290083,44.34518016564699
4243.99999999423,0.9969782955326115,0.002079766241643983,44.338455773034255
4244.399999994221,0.9984544412865535,0.002103453239035454,44.31991952664506
4244.799999994211,0.9981237902946614,0.002123465527574026,44.52189896079298
4245.199999994202,0.9988350869553175,0.0020810023607999947,44.636755511015934
4245.599999994192,0.999878359626595,0.001960516377809708,44.63459654849929
4245.999999994183,1.0014883441939322,0.0018769000376024352,44.50284941445838
4246.399999994173,1.0027610083844327,0.0019656812814017456,44.71315212245088
4246.799999994164,1.0032385282366465,0.001993345663312341,44.798932748185216
4247.1999999941545,1.002750964671573,0.0021478774601339035,44.82941154544356
4247.599999994145,1.003256339694396,0.0022724801537759376,44.68155921400069
4247.999999994136,1.001525653592384,0.002375396233355596,44.51875149543394
4248.399999994126,1.0015619135163185,0.002158897483221162,44.52884751527318
4248.799999994117,1.0019019586102618,0.0020282854471571693,44.51410905728478
4249.199999994107,1.000844595420816,0.0018695607027138738,44.174188753450395
4249.599999994098,0.9997504277363879,0.0018406590309485145,44.35388793664156
4249.999999994088,0.9993224613535815,0.0020864774973220284,44.713002115166844
4250.399999994079,0.998652878297821,0.0022362508989042114,44.783091526699664
4250.799999994069,0.9988180892311869,0.0021745177061626387,44.83372461245412
4251.19999999406,0.9982985365384442,0.002236448911527517,44.91551840624756
4251.59999999405,0.9978341171260221,0.002488537789532644,44.894172034772986
4251.999999994041,0.9974374887344146,0.002524201977080529,44.864594355454045
4252.3999999940315,0.9972029722624698,0.002471761017789987,44.75223849976487
4252.799999994022,0.9966609011188496,0.002284046208975473,44.76550007107508
4253.199999994013,0.9972949482463623,0.002282240693071101,44.8795570083189
4253.599999994003,0.9980876290734437,0.002345750520170679,45.06443129733884
4253.999999993994,0.9987215303066681,0.00283676963004003,45.5439179356953
4254.399999993984,0.9991075926900028,0.0026956996841653673,45.19583579761339
4254.799999993975,0.9983998027661377,0.002365885146674162,44.91900897342067
4255.199999993965,0.9988129859206503,0.0021628841404408594,44.702228567968206
4255.599999993956,1.0019300217553602,0.002060779596936307,44.50052929619313
4255.999999993946,1.0031961754044072,0.0019199366320649105,44.37382450723678
4256.399999993937,1.003057767356506,0.001741224013920877,44.20494271598933
4256.7999999939275,1.0031394136967065,0.0017259309317423635,44.35657601417853
4257.199999993918,1.0021935475875723,0.0017050059443639786,44.17865963407632
4257.599999993909,1.0013932001240076,0.0017111932741772427,44.06938351302223
4257.999999993899,1.0006261946132904,0.0017941928588879631,44.33564939503833
4258.39999999389,1.0008720762703196,0.0019705204783369993,44.60130624806498
4258.79999999388,1.0002881468723102,0.0019976832845252173,44.58331896760522
4259.199999993871,0.9997467424914313,0.0020536150233882223,44.448465616018616
4259.599999993861,0.9998735646420934,0.0019834615619814472,44.479885962428575
4259.999999993852,0.9996620017487808,0.0020342555218418844,44.715902492310185
4260.399999993842,0.9995744588338298,0.0021126761398753417,44.82207253176984
4260.799999993833,0.999292986362416,0.0021666437808776488,44.806994376781475
4261.199999993823,0.9989702227050171,0.0024687840497780427,44.87262350608753
4261.599999993814,0.9982668536785951,0.00254280026272123,45.10452733415905
4261.9999999938045,0.9973899466870589,0.002667372767925542,45.45065174809238
4262.399999993795,0.9975166746603543,0.0025177846769217278,45.446468091043215
4262.799999993786,0.9977138192953612,0.002207283485949115,45.00475659471115
4263.199999993776,0.9989740559289566,0.0020952890466028992,44.891180784494416
4263.599999993767,0.9998721157128163,0.0020970332130071465,44.74515556187791
4263.999999993757,0.999247711605634,0.001970849606180171,44.517884656603066
4264.399999993748,0.9990389378744465,0.0020344264854628134,44.55868533641371
4264.799999993738,0.9987200193381449,0.001919031525310864,44.35351771653875
4265.199999993729,1.0005876197634123,0.0016941792652760555,44.0532727493368
4265.599999993719,1.0016935836200342,0.0015807610626063042,43.98488397974994
4265.99999999371,1.003257406592271,0.0013900565488644601,43.73413396308469
4266.3999999937005,1.0032463414052615,0.001432334285081757,43.9042511612858
4266.799999993691,1.0034092393635872,0.001642805574427049,44.22026422178247
4267.199999993682,1.0038928814879988,0.001988031723858591,44.53177094562068
4267.599999993672,1.0033998446337793,0.002170908892642799,44.67276758619896
4267.999999993663,1.0044493171015587,0.002319271163195496,44.93250717932222
4268.399999993653,1.0028250231854374,0.0020829752371794826,44.799949202116444
4268.799999993644,1.001334154567374,0.002141199781945268,44.841461942749724
4269.199999993634,1.0012702551350394,0.0022068266822626117,44.877961464330205
4269.599999993625,1.0010916979971527,0.0022872510781803287,44.90164990910871
4269.999999993615,1.0002885433226023,0.002265309535706312,44.917029328501485
4270.399999993606,0.9999940203912095,0.0020416130839203046,44.71465646678537
4270.799999993596,0.9989491703503753,0.0019491143028887237,44.65192049891505
4271.199999993587,0.9986895148938723,0.0020231669176697022,44.6773797137286
4271.5999999935775,0.9987331230861285,0.0021388941746312688,44.82043228768804
4271.999999993568,0.9990782346195005,0.0021160377729358346,44.759256278038265
4272.399999993559,0.9989619326526495,0.002096262082146623,44.749147328577855
4272.799999993549,0.9976827039381826,0.0022005653004934416,44.97131982580114
4273.19999999354,0.9967259149910752,0.002382162490729831,45.16164735556443
4273.59999999353,0.9972589920659821,0.0024951432676275837,45.07081632662006
4273.999999993521,0.9982154439178113,0.0023340895174631363,44.85232279014998
4274.399999993511,0.9978072033520131,0.0021671738750167744,44.757629737648784
4274.799999993502,0.9973849843454037,0.0019534359683704206,44.45093845710273
4275.199999993492,0.9983926361121804,0.0016868716539529568,44.14389593601887
4275.599999993483,0.9989208471226059,0.001520112427861554,44.025954678324254
4275.9999999934735,0.9997509631274525,0.0014609764762737439,44.010361662736784
4276.399999993464,0.9981686230126151,0.0015141235601752831,44.14777828025393
4276.799999993455,0.9980503796548863,0.0017005042132151368,44.324698115378865
4277.199999993445,0.9977100562296005,0.0019561234821042738,44.559870160587884
4277.599999993436,0.9974947548500657,0.0018553350366763653,44.519767502373966
4277.999999993426,0.9971338844719962,0.0019077759778997486,44.47595544211301
4278.399999993417,0.9971270894344475,0.001974719704214573,44.45707453773901
4278.799999993407,0.9976725823969612,0.0020384273830339186,44.52133505530885
4279.199999993398,0.9998465407831336,0.0021119335708257884,44.702009977100246
4279.599999993388,1.0018374479973942,0.0022154523264193275,44.79979815561668
4279.999999993379,1.0014956190832307,0.002177043861605089,44.65787125942524
4280.399999993369,1.001548539947045,0.002024265294737065,44.37119058889228
4280.79999999336,1.0010514494617406,0.0020854185399125256,44.386440178506874
4281.1999999933505,1.0009226554924997,0.002572922757075841,44.77195441463655
4281.599999993341,1.0001720922201653,0.0029047931406024287,44.958010099992755
4281.999999993332,1.0000216590265538,0.0027915760953990966,45.20915461057341
4282.399999993322,1.0001220043067123,0.002770551788220285,45.214165056490124
4282.799999993313,0.999882222407155,0.0028568034709491106,45.40824269763118
4283.199999993303,0.9977338321317792,0.0031651177098352217,45.53541589699742
4283.599999993294,0.9959983868301392,0.0026255304282396235,44.93387213599042
4283.999999993284,0.9985175765252016,0.0020149133523800497,44.400749064681506
4284.399999993275,0.9997062269979038,0.001782341176443599,44.15255631066318
4284.799999993265,0.9997185873593308,0.0016880759150222056,44.06540698895057
4285.199999993256,0.9995365766290564,0.00153254175229807,44.03709413414074
4285.5999999932465,0.9992995798556926,0.001750172172565837,44.29297310614661
4285.999999993237,0.9994000360951284,0.001844951889948898,44.29473628552548
4286.3999999932275,0.9990980341389207,0.0018035448474374494,44.23138467202812
4286.799999993218,0.9986225041351107,0.0017582503104891481,44.31387571217088
4287.199999993209,0.9990066098829123,0.0017778049593236641,44.42971030459538
4287.599999993199,0.9992411324669013,0.0016443983074220206,44.224381805580904
4287.99999999319,0.9999848928343257,0.0016292191653034548,44.23527185142181
4288.39999999318,0.9996730650907344,0.0014820533167612588,44.14093665664564
4288.799999993171,0.9996940453483775,0.001456060141626228,44.144770645303886
4289.199999993161,1.0005616891836564,0.0015602735546260656,44.31882986342708
4289.599999993152,1.0019711930936437,0.0015946000337735394,44.355590033061404
4289.999999993142,1.003447046215761,0.0016450844958893305,44.4593969260682
4290.399999993133,1.0018307195261578,0.0016551620542717437,44.52109206633149
4290.7999999931235,1.0010860581950958,0.0018015987735657028,44.56284059811242
4291.199999993114,1.000452747228373,0.001700617835440438,44.48643307927876
4291.599999993105,1.000187063587414,0.001804884667831774,44.60093031020781
4291.999999993095,1.0002882792753864,0.0019239569890570276,44.617449175816496
4292.399999993086,1.0007388812679046,0.0020685767810653365,44.643949391205346
4292.799999993076,1.0014626323703724,0.002036338610973903,44.52568206894402
4293.199999993067,1.0014827528090877,0.0017389879198541505,44.140586608880604
4293.599999993057,1.0009218138996385,0.0015393406175953893,43.95581215550722
4293.999999993048,1.0009632507140949,0.001419893620213389,43.874310122444555
4294.399999993038,1.0008368546172515,0.0013392535507756346,43.81598769675609
4294.799999993029,1.0003798861385533,0.0011759656839664696,43.497956394137915
4295.199999993019,1.001021328219091,0.0012527194078793184,43.439161365408175
4295.59999999301,1.0015102316490478,0.0014243673273453901,43.54630067984619
4295.9999999930005,1.0009206981470113,0.0016573352232329642,43.53531628444705
4296.399999992991,1.0010725152135163,0.0018825495733939578,43.76219324546959
4296.799999992982,1.0016617094958042,0.0021083860025824003,44.09509898661183
4297.199999992972,1.000491936986799,0.002193963311764174,44.267121521387566
4297.599999992963,0.9999755095124878,0.0024110043181517072,44.548515442995125
4297.999999992953,0.9996619332153858,0.002773056082613473,44.82545105850084
4298.399999992944,0.9987315364082467,0.0026360232755825723,44.71120414366001
4298.799999992934,1.0000388361661092,0.0026373731744412858,44.82774200739077
4299.199999992925,0.9986582116075433,0.0025073695178893887,44.72522532950761
4299.599999992915,0.9968506168290595,0.00251529058913267,44.68602874927602
4299.999999992906,0.9968926742668875,0.0022444384895800302,44.559206377410234
4300.3999999928965,0.9974575830282952,0.001979348781418559,44.47813031969641
4300.799999992887,0.9982776300090411,0.00193637313662592,44.468073641999794
4301.199999992878,0.9991509089980934,0.00176898725864247,44.30814292576868
4301.599999992868,0.9990808829130198,0.0017353921260539877,44.40413546182128
4301.999999992859,0.9997029740660754,0.0017029991103619372,44.38981533872892
4302.399999992849,1.0017554645472313,0.0015305101607947721,44.116098949896376
4302.79999999284,1.0020006291241161,0.0014783331054504809,43.72034107270242
4303.19999999283,1.0021731283841089,0.0016111080749783397,43.65678035919999
4303.599999992821,1.0017499365284455,0.001704406497044048,43.7559612585975
4303.999999992811,1.0022716672022007,0.0017072946323036184,43.82402658324709
4304.399999992802,1.0027980782921315,0.0018489080530970853,43.868297440523406
4304.799999992792,1.0026845073462782,0.0018334206428712988,43.929495793548426
4305.199999992783,1.0021309576177564,0.0016793777186904944,43.905477405165115
4305.5999999927735,1.0013872332856448,0.0016153404153396954,43.95388157825548
4305.999999992764,1.0015838181177938,0.0017310088523175967,44.05069289765333
4306.399999992755,1.001298760802906,0.00182847947812702,44.1268606481406
4306.799999992745,1.0014215354476887,0.002058247350077125,44.2767293400018
4307.199999992736,1.0012885554080906,0.0022394332445397503,44.57990609280902
4307.599999992726,1.0002364435774174,0.0022867127653623484,44.788697298703106
4307.999999992717,0.999817678560007,0.002192503116849904,44.70924986299427
4308.399999992707,0.9981308027448447,0.0020410612637635985,44.61565243461708
4308.799999992698,0.9980270120612218,0.0019652031243670254,44.49882871708261
4309.199999992688,0.9979829354819673,0.0019313961234593232,44.40014369041537
4309.599999992679,0.99770675697103,0.0020300987815946156,44.50630712720146
4309.9999999926695,0.996978282073455,0.001962655194414326,44.26507261608888
4310.39999999266,0.9975006972572358,0.0017426164845205918,44.01331464127135
4310.799999992651,0.9999327941725276,0.001718019503085527,44.06018252980216
4311.199999992641,0.9988586233929446,0.0016935024970689953,44.03614326899541
4311.599999992632,0.9996108192080861,0.0018292843882566979,44.09978564824741
4311.999999992622,0.999464158233252,0.0017467601057017611,43.97896774449018
4312.399999992613,1.0001131166110788,0.001858032139509102,44.068487284529304
4312.799999992603,0.9996714093018784,0.001934488545274236,44.16228211879126
4313.199999992594,1.0004654902564813,0.0020200406892467997,44.39394912879641
4313.599999992584,1.0023719612660997,0.002101950173824272,44.374145246472686
4313.999999992575,1.0029481179478004,0.0020784484892765642,44.274849826412954
4314.399999992565,1.0038379322180688,0.0021853929734593873,44.307310367593836
4314.799999992556,1.0037598324159258,0.0023127133564782047,44.57609005539687
4315.1999999925465,1.0028022908240564,0.002320645550550596,44.60480840481328
4315.599999992537,1.001977562995545,0.002257365421765809,44.677583920422485
4315.999999992528,1.0017738504857558,0.0021120514999722183,44.56648433290842
4316.399999992518,1.0014086510182187,0.00198995491244492,44.48997050810653
4316.799999992509,1.0023851384878626,0.0019221418017839125,44.399799823088735
4317.199999992499,1.002911655953006,0.0018675624115826082,44.14029450489202
4317.59999999249,1.002066888782452,0.0019505554555940413,44.10739656047819
4317.99999999248,1.0007236586575328,0.0018388227288544466,44.17523480809206
4318.399999992471,1.000931984631501,0.001879636422524513,44.27436260913154
4318.799999992461,1.0024163251391305,0.0019432691908875437,44.27513183039701
4319.199999992452,1.0009518247909452,0.0020861831353670307,44.40536106447556
4319.5999999924425,0.9993028276008085,0.0019930973252267163,44.37149196967365
4319.999999992433,0.9987660189669715,0.001934848655830261,44.392262718581904
4320.399999992424,0.9988140109247398,0.0019273811142252926,44.24271288667952
4320.799999992414,1.0003304993363609,0.001844358767658347,43.97823532410421
4321.199999992405,1.0021802372246635,0.0018597212085309878,43.98994430467182
4321.599999992395,1.0035234023145758,0.002074401837755747,44.11891619298578
4321.999999992386,1.0032516180578908,0.002141292417019024,44.40288481997943
4322.399999992376,1.0027052545136512,0.002074386669880822,44.42443378822093
4322.799999992367,1.0018557391443412,0.0020693645802381164,44.41486898655462
4323.199999992357,1.0020439843269133,0.002117860525255372,44.407528451463875
4323.599999992348,1.0027685502877275,0.002105623220238713,44.614122039678975
4323.999999992338,1.0020984012632315,0.0019616112075112385,44.436736044506844
4324.399999992329,1.0015966363728919,0.00176337046010817,44.303609447785455
4324.7999999923195,1.0014787310729616,0.0017771027694298337,44.337652416496326
4325.19999999231,1.0015416779106738,0.001696228310501799,44.273473623431144
4325.599999992301,1.00197815511968,0.001690486099117436,44.270530902692784
4325.999999992291,1.0027301078313795,0.001704840705187065,44.28351298254594
4326.399999992282,1.0031682908195956,0.0016821130810268533,44.29772891855387
4326.799999992272,1.0024941733385873,0.001612547336405441,44.25193429185436
4327.199999992263,1.0027109696441159,0.001559989549881465,44.285143853324435
4327.599999992253,1.002221536469121,0.0015463455529632767,44.02120918931675
4327.999999992244,1.0012573974198664,0.0016185728570661502,43.94593931159335
4328.399999992234,1.00002874235797,0.0015204473709730644,43.74619296307923
4328.799999992225,0.9991006157983688,0.0016307347741235732,43.866418012151385
4329.199999992215,0.999913154837437,0.0016428552484432392,44.023938720149346
4329.599999992206,1.0017046134677845,0.0016350713367065891,43.8454967375187
4329.9999999921965,1.0011275250744491,0.0018558084987370723,43.98395051558371
4330.399999992187,1.0026142940405174,0.0021101837276584962,44.30352362541518
4330.799999992178,1.0021377611284545,0.002335005913813223,44.54602523688799
4331.199999992168,1.00144658836732,0.0026385724076000393,44.72305873198296
4331.599999992159,1.0013619285687325,0.0023309193514939796,44.51087972982271
4331.999999992149,1.0013773561300063,0.002018842395538156,44.34141566891956
4332.39999999214,1.0006488405154017,0.0021096612175108523,44.37370352360661
4332.79999999213,1.000732631849566,0.002160019862666009,44.41304026122506
4333.199999992121,1.000170710603808,0.002234771110867167,44.51719713130464
4333.599999992111,1.0001667777240613,0.0022907748416703165,44.484365765372544
4333.999999992102,1.0004301532413373,0.002044851051568726,44.34111034582105
4334.3999999920925,1.0013465228756515,0.0018405121080825326,44.221500647464595
4334.799999992083,1.0008250615294982,0.001756792416306052,44.16285069807529
4335.199999992074,1.0007981680608984,0.0017704883999980037,44.191488075751764
4335.599999992064,0.9993440265822243,0.0017671075413751404,44.27915450937336
4335.999999992055,0.9980361185133234,0.0016045284598212087,44.18254299464993
4336.399999992045,0.9978922870496296,0.0018058775760057314,44.26559751987008
4336.799999992036,0.9997318661723518,0.0021031571011963074,44.46173081594556
4337.199999992026,1.0002911025588497,0.0021350026632912284,44.43918898580388
4337.599999992017,0.9991169570043643,0.002137309711330002,44.51727704321565
4337.999999992007,0.9989819411387519,0.002013818055439406,44.473352442598085
4338.399999991998,0.9997090752116612,0.0019786401286525056,44.36644876334429
4338.799999991988,1.000445871300274,0.0018613922883620193,44.257071157834176
4339.199999991979,1.0002030649627136,0.0019079150101006628,44.43234292384409
4339.5999999919695,1.0008058320231068,0.002037161057460183,44.49859709664298
4339.99999999196,0.9996447800162936,0.00203823082325766,44.43654508105795
4340.399999991951,1.0003194488330707,0.0020802340935682003,44.474534029396594
4340.799999991941,1.0007527917010477,0.002181966468604521,44.68969849544648
4341.199999991932,1.0007297096691612,0.0022668349193509093,44.7439594404492
4341.599999991922,1.0013299791188486,0.0022072491746785647,44.69016550546805
4341.999999991913,1.0022524443880108,0.002069042072691135,44.59504565774523
4342.399999991903,1.002221354490866,0.0018669715833431807,44.23451481361527
4342.799999991894,0.9990235465368481,0.0019037757531855043,44.15416489130494
4343.199999991884,0.9994787203345652,0.0020966401251587647,44.30657274030111
4343.599999991875,1.000343330838463,0.0016999233906996333,43.99615228682474
4343.9999999918655,0.9995683348662894,0.0016158134767065165,43.90180857069261
4344.399999991856,0.9983544682977448,0.0016016674778503298,43.97516894939965
4344.799999991847,0.9970036363700906,0.001695966813126253,43.99659937348203
4345.199999991837,0.9967734476794048,0.0017725014458866957,43.94766841900961
4345.599999991828,0.997669201430709,0.0019229484881265488,44.00951760991761
4345.999999991818,0.9980286111156393,0.0021327837719156617,44.25906329633868
4346.399999991809,0.9992666807466439,0.0025365581788625857,44.5113437467816
4346.799999991799,0.9988869969575968,0.002778936742701688,44.79289719417813
4347.19999999179,0.9975397545732679,0.002625515986245006,45.052380147062394
4347.59999999178,0.9975370158531593,0.0024266397059141648,44.83642745803734
4347.999999991771,0.9971189289373982,0.0021745247173197485,44.65347230954001
4348.399999991761,0.996058251161299,0.0021319729847076438,44.49215195168816
4348.799999991752,0.9973430967752159,0.002076388841474855,44.528548234812064
4349.1999999917425,0.999116326780472,0.002240226050092609,44.5945470264087
4349.599999991733,0.9985983133640564,0.001982421210840874,44.42518595386012
4349.999999991724,0.9985657225968155,0.0017799097187075447,44.34305532321949
4350.399999991714,0.9990123689903245,0.0018540804827145531,44.45465081540587
4350.799999991705,0.9997011876021457,0.0019144114570103655,44.463343247035894
4351.199999991695,0.9988336549187296,0.0019780489894262567,44.554729425488105
4351.599999991686,0.998540236796366,0.002197007082870611,44.574337794680126
4351.999999991676,0.9987889696712696,0.00204270973036072,44.20695831924966
4352.399999991667,0.9982429899465076,0.0020122393565666498,44.27437103602138
4352.799999991657,0.9982623435797895,0.0020100667460842413,44.31894475650471
4353.199999991648,0.997695639272232,0.0019574562751725304,44.23990832138381
4353.5999999916385,0.9993867904786838,0.0019309281753034707,44.3185862182039
4353.999999991629,0.9997025641797526,0.001975771673831428,44.20740852266848
4354.39999999162,0.9993060313516325,0.001873846930814197,44.101111596613094
4354.79999999161,0.9994489168214314,0.001597263717415332,43.93110541645477
4355.199999991601,0.9992752217622093,0.00154211859905886,43.92509026965498
4355.599999991591,0.9987297108626128,0.0018263968885274867,44.23962493837547
4355.999999991582,0.9973538692081834,0.0018411002164062651,44.31607508752281
4356.399999991572,0.9966205820092425,0.0018621112774700023,44.302319468928175
4356.799999991563,0.9967500188533909,0.001727772665573013,44.20463976572239
4357.199999991553,0.9970457924423776,0.0018609850735770556,44.30799244451303
4357.599999991544,0.9971622266983525,0.001989126542403146,44.40103991912722
4357.999999991534,0.9989112226647612,0.002115414114957125,44.37966529813355
4358.399999991525,0.999217321760064,0.0021875690304954485,44.35037861228331
4358.7999999915155,0.9991582784389694,0.002245769558789493,44.404187974515615
4359.199999991506,0.9999880089371324,0.002085678242967898,44.29227014646743
4359.599999991497,0.9997658827459278,0.0019753281029375133,44.23146024508286
4359.999999991487,0.9992176103134008,0.0020060280223058416,44.37528605076278
4360.399999991478,1.0000310133576396,0.0021088744444853224,44.33187236740405
4360.799999991468,1.0001534083323054,0.002181276416886984,44.25885537096274
4361.199999991459,1.0010649846621316,0.0023231031161558245,44.30796275753117
4361.599999991449,1.0006525131935506,0.0023754169522034077,44.38425115399363
4361.99999999144,1.0002708916799785,0.0023037705348821005,44.43259475319147
4362.39999999143,1.0005519058670307,0.0022411989548159865,44.35557429303748
4362.799999991421,1.001592920120595,0.002186480907279734,44.64285449490824
4363.1999999914115,1.0015825801237168,0.002510168836322965,44.891484510312445
4363.599999991402,1.0010960408489373,0.002119530582874579,44.44743593354413
4363.9999999913925,1.0010243998856865,0.0018540303710069595,44.08769219315231
4364.399999991383,1.000614268838775,0.001816351231242755,44.19953167006648
4364.799999991374,1.0010506787170592,0.001944229396432508,44.3628136836351
4365.199999991364,1.0013515577437782,0.0016998353636574878,44.126420968845444
4365.599999991355,1.0008264538720566,0.0016997917542735485,44.19658615023742
4365.999999991345,0.9991643095825775,0.001715131519818662,44.23257572172564
4366.399999991336,0.999018876732382,0.0015405908039807206,44.113633695492545
4366.799999991326,0.9983186492579265,0.0015896463570546724,44.2368470934494
4367.199999991317,0.9979623669812873,0.0016587050497166517,44.38172073837968
4367.599999991307,0.9985425425665017,0.0016765114988870036,44.23220075108467
4367.999999991298,0.9973741587221848,0.0016979900591234276,44.165832063285194
4368.3999999912885,0.9967682128135567,0.0017006274188875407,44.0285912880951
4368.799999991279,0.9966817130560087,0.0017261370947672812,44.070068831567255
4369.19999999127,0.9956678658073844,0.001864780178656229,44.08855372635258
4369.59999999126,0.9972254798091883,0.0020717534003319477,44.155469307166065
4369.999999991251,0.9985448961855435,0.0022516996514408277,44.239873199667734
4370.399999991241,0.9998027105250759,0.0022965165893386093,44.40900797859672
4370.799999991232,0.9992163555463129,0.0022005570350968773,44.3146834011298
4371.199999991222,1.0000025702323658,0.0021000897079682893,44.316699992559215
4371.599999991213,0.999803065593813,0.0020503903831596004,44.264639942266086
4371.999999991203,1.000074783220079,0.0019303877550919675,44.226099367350464
4372.399999991194,1.00048884351477,0.002018030826138618,44.30267041789473
4372.799999991184,1.0006404539793927,0.0019905944151710504,44.22411709039833
4373.199999991175,1.0009131042398338,0.001826025414696301,44.104077652411185
4373.5999999911655,1.001417819739038,0.0018314413619730369,44.04813717561017
4373.999999991156,1.0008815938227642,0.0019050687211617826,44.12914621402272
4374.399999991147,1.0009733482933345,0.0018900821428571883,44.20062485949204
4374.799999991137,0.9996422089532143,0.002095676799445475,44.425400306768616
4375.199999991128,0.9984121078194336,0.0020411056187432455,44.420108648616285
4375.599999991118,0.9985971224421635,0.0019487621878846182,44.50400748904831
4375.999999991109,0.9977832792592922,0.0019102938231250037,44.53260669569631
4376.399999991099,0.9974715784472353,0.0019844373846518598,44.495446050999526
4376.79999999109,0.9965025148975792,0.0018674857925961676,44.23403335841834
4377.19999999108,0.995486580846057,0.0017211896864708417,44.004039936356456
4377.599999991071,0.9953335657594423,0.0017201576443224814,44.158850516898895
4377.9999999910615,0.9948632745992815,0.001740201379462386,44.27012247951872
4378.399999991052,0.9950712319693186,0.0016565226322977629,44.30171380140953
4378.799999991043,0.9958464207294903,0.0016278422046241726,44.27381206408331
4379.199999991033,0.9968029715080048,0.0016856613558371009,44.22257665045445
4379.599999991024,0.9970205831004726,0.0017509145208193906,44.26900753992762
4379.999999991014,0.9976347387799096,0.0017956103763427755,44.339071292044025
4380.399999991005,0.9985018440083472,0.0017522933619829744,44.11161569012339
4380.799999990995,0.9990219062134937,0.0016836350683536534,44.04749772779633
4381.199999990986,0.9992229432492458,0.001480663538981113,43.848776107880596
4381.599999990976,1.0003793012558995,0.0014659468096908897,43.78031400319477
4381.999999990967,1.00100520748479,0.0014556816801943007,43.86911937284791
4382.399999990957,1.0022121865115279,0.0014681241424360227,43.98729092389232
4382.799999990948,1.0027031248959262,0.0015509988564999567,44.11203556828481
4383.1999999909385,1.002482645837902,0.0015190400123025936,43.96043430759657
4383.599999990929,1.0018593773518032,0.0013847305586493523,43.761468035686505
4383.99999999092,0.9997191850293903,0.0014795094910323274,43.809200864870455
4384.39999999091,0.9989179021320517,0.001513584968664977,43.864657226247
4384.799999990901,0.9992717479189395,0.0014942702665768717,43.875457551848605
4385.199999990891,1.000319146356276,0.0015377122467957482,43.896709703474386
4385.599999990882,0.9995489547347887,0.0015994455541765258,43.84708530938206
4385.999999990872,0.9990853781190198,0.0015263503171101154,43.70345285803268
4386.399999990863,0.9989284816411073,0.0017704824189953116,43.78421317973582
4386.799999990853,0.9985983865989272,0.0020916696769912144,44.0329242642507
4387.199999990844,0.9991539394060033,0.0022761394440395416,44.26431484445265
4387.5999999908345,0.9983423054538944,0.002286081974958614,44.38441668377063
4387.999999990825,0.9992585886725196,0.0023619667819108465,44.648313958520255
4388.399999990816,1.000973253542121,0.002495449053291574,44.7556281508712
4388.799999990806,1.0002932065841215,0.002363109353331387,44.56494168155199
4389.199999990797,0.99904216773939,0.0020918358605633547,44.283779888877554
4389.599999990787,0.9985033286393324,0.0022568196607982917,44.453500239187
4389.999999990778,0.9991201500008783,0.0024627637691347986,44.55310769749442
4390.399999990768,1.0007893228292242,0.002453966375600814,44.68416872155244
4390.799999990759,1.0009240910485535,0.0024215675757727774,44.92223987094234
4391.199999990749,1.0005485447345697,0.002337945225279929,44.85925005754115
4391.59999999074,1.0002990545929205,0.002254059564271763,44.79376579761193
4391.99999999073,0.9998248890520515,0.0020765826235872534,44.44942306107425
4392.399999990721,0.9986925453885982,0.0021022705530934407,44.52014264909277
4392.7999999907115,0.9978959673943393,0.0023159399272801836,44.71389267123417
4393.199999990702,0.9972979092343901,0.002265101758764181,44.56970177392868
4393.599999990693,0.9968203338689582,0.0023007324655317783,44.88418534554855
4393.999999990683,0.996897762646138,0.0023238709215947792,44.9294505319871
4394.399999990674,0.9974486863597737,0.0022017501532384702,44.72659248316933
4394.799999990664,0.997728754399051,0.0021681224295548246,44.62322309067927
4395.199999990655,0.9984534915779143,0.0020950107350067317,44.47272787086424
4395.599999990645,0.9979978082987347,0.0017600027834832536,44.21033167239546
4395.999999990636,0.9972410080178173,0.0015782625070353707,44.10214889230292
4396.399999990626,0.9975140234360349,0.0015589718477696897,44.13146942761045
4396.799999990617,0.9982943612988959,0.0015952417254783775,44.02626716527658
4397.1999999906075,1.000914617674351,0.0015036482795322999,43.92793404765458
4397.599999990598,1.0010605314538985,0.0015574529807977646,44.130989326170216
4397.999999990589,1.000151672474907,0.0017690668688976415,44.47709877430152
4398.399999990579,1.000118150309261,0.0019178697803007173,44.88893843308021
4398.79999999057,0.9994792818946958,0.0020375112658119247,45.130840147443614
4399.19999999056,0.9995038235478101,0.0019713950792562157,44.942994585504316
4399.599999990551,1.0001254767906158,0.002013021926397272,44.82424429511756
4399.999999990541,1.0014627092100148,0.0018144978587168162,44.54560107800565
